Year,UNIT_MEASURE,Spol,Godine,Value
2018,Broj,Oba spola,Total,3492023.0
2018,Broj,Oba spola,0,29304.0
2018,Broj,Oba spola,1,29995.0
2018,Broj,Oba spola,2,29995.0
2018,Broj,Oba spola,3,29566.0
2018,Broj,Oba spola,4,30087.0
2018,Broj,Oba spola,5,30487.0
2018,Broj,Oba spola,6,34340.0
2018,Broj,Oba spola,7,34192.0
2018,Broj,Oba spola,8,35540.0
2018,Broj,Oba spola,9,36576.0
2018,Broj,Oba spola,10,36416.0
2018,Broj,Oba spola,11,35032.0
2018,Broj,Oba spola,12,34885.0
2018,Broj,Oba spola,13,35394.0
2018,Broj,Oba spola,14,35371.0
2018,Broj,Oba spola,15,36154.0
2018,Broj,Oba spola,16,36690.0
2018,Broj,Oba spola,17,38105.0
2018,Broj,Oba spola,18,39196.0
2018,Broj,Oba spola,19,40457.0
2018,Broj,Oba spola,20,44679.0
2018,Broj,Oba spola,21,49640.0
2018,Broj,Oba spola,22,52209.0
2018,Broj,Oba spola,23,51959.0
2018,Broj,Oba spola,24,44406.0
2018,Broj,Oba spola,25,37828.0
2018,Broj,Oba spola,26,43284.0
2018,Broj,Oba spola,27,48558.0
2018,Broj,Oba spola,28,48051.0
2018,Broj,Oba spola,29,47707.0
2018,Broj,Oba spola,30,49939.0
2018,Broj,Oba spola,31,49807.0
2018,Broj,Oba spola,32,49532.0
2018,Broj,Oba spola,33,50507.0
2018,Broj,Oba spola,34,51448.0
2018,Broj,Oba spola,35,50794.0
2018,Broj,Oba spola,36,51167.0
2018,Broj,Oba spola,37,50642.0
2018,Broj,Oba spola,38,50330.0
2018,Broj,Oba spola,39,49548.0
2018,Broj,Oba spola,40,49487.0
2018,Broj,Oba spola,41,49317.0
2018,Broj,Oba spola,42,51251.0
2018,Broj,Oba spola,43,49565.0
2018,Broj,Oba spola,44,48524.0
2018,Broj,Oba spola,45,47950.0
2018,Broj,Oba spola,46,49027.0
2018,Broj,Oba spola,47,48514.0
2018,Broj,Oba spola,48,45042.0
2018,Broj,Oba spola,49,48540.0
2018,Broj,Oba spola,50,48827.0
2018,Broj,Oba spola,51,49938.0
2018,Broj,Oba spola,52,51728.0
2018,Broj,Oba spola,53,53243.0
2018,Broj,Oba spola,54,51756.0
2018,Broj,Oba spola,55,52530.0
2018,Broj,Oba spola,56,53922.0
2018,Broj,Oba spola,57,53887.0
2018,Broj,Oba spola,58,53840.0
2018,Broj,Oba spola,59,51985.0
2018,Broj,Oba spola,60,52482.0
2018,Broj,Oba spola,61,47582.0
2018,Broj,Oba spola,62,49876.0
2018,Broj,Oba spola,63,48513.0
2018,Broj,Oba spola,64,49609.0
2018,Broj,Oba spola,65,45978.0
2018,Broj,Oba spola,66,46083.0
2018,Broj,Oba spola,67,37090.0
2018,Broj,Oba spola,68,39423.0
2018,Broj,Oba spola,69,38224.0
2018,Broj,Oba spola,70,33281.0
2018,Broj,Oba spola,71,32296.0
2018,Broj,Oba spola,72,28659.0
2018,Broj,Oba spola,73,22492.0
2018,Broj,Oba spola,74,20934.0
2018,Broj,Oba spola,75,20822.0
2018,Broj,Oba spola,76,21301.0
2018,Broj,Oba spola,77,22722.0
2018,Broj,Oba spola,78,23779.0
2018,Broj,Oba spola,79,21527.0
2018,Broj,Oba spola,80,19847.0
2018,Broj,Oba spola,81,17932.0
2018,Broj,Oba spola,82,15893.0
2018,Broj,Oba spola,83,13748.0
2018,Broj,Oba spola,84,11671.0
2018,Broj,Oba spola,85,9769.0
2018,Broj,Oba spola,86,7840.0
2018,Broj,Oba spola,87,5920.0
2018,Broj,Oba spola,88,5308.0
2018,Broj,Oba spola,89,3658.0
2018,Broj,Oba spola,90,3038.0
2018,Broj,Oba spola,91,1860.0
2018,Broj,Oba spola,92,1327.0
2018,Broj,Oba spola,93,920.0
2018,Broj,Oba spola,94,621.0
2018,Broj,Oba spola,95,409.0
2018,Broj,Oba spola,96,297.0
2018,Broj,Oba spola,97,160.0
2018,Broj,Oba spola,98,122.0
2018,Broj,Oba spola,99,87.0
2018,Broj,Oba spola,100,101.0
2018,Broj,Oba spola,101,60.0
2018,Broj,Oba spola,102,31.0
2018,Broj,Oba spola,103,18.0
2018,Broj,Oba spola,104,11.0
2018,Broj,Oba spola,105,6.0
2018,Broj,Oba spola,106,3.0
2018,Broj,Oba spola,107,2.0
2018,Broj,Oba spola,108,1.0
2018,Broj,Oba spola,109,0.0
2018,Broj,Oba spola,110,0.0
2018,Broj,Oba spola,111,0.0
2018,Broj,Oba spola,112,0.0
2018,Broj,Oba spola,113,0.0
2018,Broj,Oba spola,114,0.0
2018,Broj,Oba spola,115,0.0
2018,Broj,Oba spola,116,0.0
2018,Broj,Oba spola,117,0.0
2018,Broj,Oba spola,118,0.0
2018,Broj,Oba spola,119,0.0
2018,Broj,Oba spola,120+,0.0
2018,_%,Oba spola,Total,100.0
2018,_%,Oba spola,0,0.84
2018,_%,Oba spola,1,0.86
2018,_%,Oba spola,2,0.86
2018,_%,Oba spola,3,0.85
2018,_%,Oba spola,4,0.86
2018,_%,Oba spola,5,0.87
2018,_%,Oba spola,6,0.98
2018,_%,Oba spola,7,0.98
2018,_%,Oba spola,8,1.02
2018,_%,Oba spola,9,1.05
2018,_%,Oba spola,10,1.04
2018,_%,Oba spola,11,1.0
2018,_%,Oba spola,12,1.0
2018,_%,Oba spola,13,1.01
2018,_%,Oba spola,14,1.01
2018,_%,Oba spola,15,1.04
2018,_%,Oba spola,16,1.05
2018,_%,Oba spola,17,1.09
2018,_%,Oba spola,18,1.12
2018,_%,Oba spola,19,1.16
2018,_%,Oba spola,20,1.28
2018,_%,Oba spola,21,1.42
2018,_%,Oba spola,22,1.5
2018,_%,Oba spola,23,1.49
2018,_%,Oba spola,24,1.27
2018,_%,Oba spola,25,1.08
2018,_%,Oba spola,26,1.24
2018,_%,Oba spola,27,1.39
2018,_%,Oba spola,28,1.38
2018,_%,Oba spola,29,1.37
2018,_%,Oba spola,30,1.43
2018,_%,Oba spola,31,1.43
2018,_%,Oba spola,32,1.42
2018,_%,Oba spola,33,1.45
2018,_%,Oba spola,34,1.47
2018,_%,Oba spola,35,1.45
2018,_%,Oba spola,36,1.47
2018,_%,Oba spola,37,1.45
2018,_%,Oba spola,38,1.44
2018,_%,Oba spola,39,1.42
2018,_%,Oba spola,40,1.42
2018,_%,Oba spola,41,1.41
2018,_%,Oba spola,42,1.47
2018,_%,Oba spola,43,1.42
2018,_%,Oba spola,44,1.39
2018,_%,Oba spola,45,1.37
2018,_%,Oba spola,46,1.4
2018,_%,Oba spola,47,1.39
2018,_%,Oba spola,48,1.29
2018,_%,Oba spola,49,1.39
2018,_%,Oba spola,50,1.4
2018,_%,Oba spola,51,1.43
2018,_%,Oba spola,52,1.48
2018,_%,Oba spola,53,1.52
2018,_%,Oba spola,54,1.48
2018,_%,Oba spola,55,1.5
2018,_%,Oba spola,56,1.54
2018,_%,Oba spola,57,1.54
2018,_%,Oba spola,58,1.54
2018,_%,Oba spola,59,1.49
2018,_%,Oba spola,60,1.5
2018,_%,Oba spola,61,1.36
2018,_%,Oba spola,62,1.43
2018,_%,Oba spola,63,1.39
2018,_%,Oba spola,64,1.42
2018,_%,Oba spola,65,1.32
2018,_%,Oba spola,66,1.32
2018,_%,Oba spola,67,1.06
2018,_%,Oba spola,68,1.13
2018,_%,Oba spola,69,1.09
2018,_%,Oba spola,70,0.95
2018,_%,Oba spola,71,0.92
2018,_%,Oba spola,72,0.82
2018,_%,Oba spola,73,0.64
2018,_%,Oba spola,74,0.6
2018,_%,Oba spola,75,0.6
2018,_%,Oba spola,76,0.61
2018,_%,Oba spola,77,0.65
2018,_%,Oba spola,78,0.68
2018,_%,Oba spola,79,0.62
2018,_%,Oba spola,80,0.57
2018,_%,Oba spola,81,0.51
2018,_%,Oba spola,82,0.46
2018,_%,Oba spola,83,0.39
2018,_%,Oba spola,84,0.33
2018,_%,Oba spola,85,0.28
2018,_%,Oba spola,86,0.22
2018,_%,Oba spola,87,0.17
2018,_%,Oba spola,88,0.15
2018,_%,Oba spola,89,0.1
2018,_%,Oba spola,90,0.09
2018,_%,Oba spola,91,0.05
2018,_%,Oba spola,92,0.04
2018,_%,Oba spola,93,0.03
2018,_%,Oba spola,94,0.02
2018,_%,Oba spola,95,0.01
2018,_%,Oba spola,96,0.01
2018,_%,Oba spola,97,0.0
2018,_%,Oba spola,98,0.0
2018,_%,Oba spola,99,0.0
2018,_%,Oba spola,100,0.0
2018,_%,Oba spola,101,0.0
2018,_%,Oba spola,102,0.0
2018,_%,Oba spola,103,0.0
2018,_%,Oba spola,104,0.0
2018,_%,Oba spola,105,0.0
2018,_%,Oba spola,106,0.0
2018,_%,Oba spola,107,0.0
2018,_%,Oba spola,108,0.0
2018,_%,Oba spola,109,0.0
2018,_%,Oba spola,110,0.0
2018,_%,Oba spola,111,0.0
2018,_%,Oba spola,112,0.0
2018,_%,Oba spola,113,0.0
2018,_%,Oba spola,114,0.0
2018,_%,Oba spola,115,0.0
2018,_%,Oba spola,116,0.0
2018,_%,Oba spola,117,0.0
2018,_%,Oba spola,118,0.0
2018,_%,Oba spola,119,0.0
2018,_%,Oba spola,120+,0.0
2020,Broj,Oba spola,Total,3430316.35
2020,Broj,Oba spola,0,29138.54
2020,Broj,Oba spola,1,29422.49
2020,Broj,Oba spola,2,28693.26
2020,Broj,Oba spola,3,29523.03
2020,Broj,Oba spola,4,29644.24
2020,Broj,Oba spola,5,29319.48
2020,Broj,Oba spola,6,29909.25
2020,Broj,Oba spola,7,30331.25
2020,Broj,Oba spola,8,34170.74
2020,Broj,Oba spola,9,34008.75
2020,Broj,Oba spola,10,35336.98
2020,Broj,Oba spola,11,36352.05
2020,Broj,Oba spola,12,36195.98
2020,Broj,Oba spola,13,34831.93
2020,Broj,Oba spola,14,34691.03
2020,Broj,Oba spola,15,35180.12
2020,Broj,Oba spola,16,35070.36
2020,Broj,Oba spola,17,35642.1
2020,Broj,Oba spola,18,35848.99
2020,Broj,Oba spola,19,36851.54
2020,Broj,Oba spola,20,37499.65
2020,Broj,Oba spola,21,38308.29
2020,Broj,Oba spola,22,42048.0
2020,Broj,Oba spola,23,46588.52
2020,Broj,Oba spola,24,48954.2
2020,Broj,Oba spola,25,48880.69
2020,Broj,Oba spola,26,41889.84
2020,Broj,Oba spola,27,35768.43
2020,Broj,Oba spola,28,41229.58
2020,Broj,Oba spola,29,46442.61
2020,Broj,Oba spola,30,46093.22
2020,Broj,Oba spola,31,45927.93
2020,Broj,Oba spola,32,48243.78
2020,Broj,Oba spola,33,48196.57
2020,Broj,Oba spola,34,48014.76
2020,Broj,Oba spola,35,49044.2
2020,Broj,Oba spola,36,50041.0
2020,Broj,Oba spola,37,49468.84
2020,Broj,Oba spola,38,49918.58
2020,Broj,Oba spola,39,49462.23
2020,Broj,Oba spola,40,49220.68
2020,Broj,Oba spola,41,48516.28
2020,Broj,Oba spola,42,48521.35
2020,Broj,Oba spola,43,48388.8
2020,Broj,Oba spola,44,50349.47
2020,Broj,Oba spola,45,48732.35
2020,Broj,Oba spola,46,47767.52
2020,Broj,Oba spola,47,47246.46
2020,Broj,Oba spola,48,48359.0
2020,Broj,Oba spola,49,47915.54
2020,Broj,Oba spola,50,44529.66
2020,Broj,Oba spola,51,48020.61
2020,Broj,Oba spola,52,48309.5
2020,Broj,Oba spola,53,49413.57
2020,Broj,Oba spola,54,51180.96
2020,Broj,Oba spola,55,52676.37
2020,Broj,Oba spola,56,51209.91
2020,Broj,Oba spola,57,51968.01
2020,Broj,Oba spola,58,53323.49
2020,Broj,Oba spola,59,53268.55
2020,Broj,Oba spola,60,53200.37
2020,Broj,Oba spola,61,51343.56
2020,Broj,Oba spola,62,51780.79
2020,Broj,Oba spola,63,46919.89
2020,Broj,Oba spola,64,49054.59
2020,Broj,Oba spola,65,47592.4
2020,Broj,Oba spola,66,48481.78
2020,Broj,Oba spola,67,44770.8
2020,Broj,Oba spola,68,44676.73
2020,Broj,Oba spola,69,35837.89
2020,Broj,Oba spola,70,37876.39
2020,Broj,Oba spola,71,36500.57
2020,Broj,Oba spola,72,31580.48
2020,Broj,Oba spola,73,30403.39
2020,Broj,Oba spola,74,26785.41
2020,Broj,Oba spola,75,20882.19
2020,Broj,Oba spola,76,19276.57
2020,Broj,Oba spola,77,19001.38
2020,Broj,Oba spola,78,19223.05
2020,Broj,Oba spola,79,20244.03
2020,Broj,Oba spola,80,20894.66
2020,Broj,Oba spola,81,18637.67
2020,Broj,Oba spola,82,16895.16
2020,Broj,Oba spola,83,14983.03
2020,Broj,Oba spola,84,13020.78
2020,Broj,Oba spola,85,11029.02
2020,Broj,Oba spola,86,9151.02
2020,Broj,Oba spola,87,7468.38
2020,Broj,Oba spola,88,5833.43
2020,Broj,Oba spola,89,4279.0
2020,Broj,Oba spola,90,3714.65
2020,Broj,Oba spola,91,2472.01
2020,Broj,Oba spola,92,1976.79
2020,Broj,Oba spola,93,1162.22
2020,Broj,Oba spola,94,792.95
2020,Broj,Oba spola,95,523.34
2020,Broj,Oba spola,96,336.91
2020,Broj,Oba spola,97,212.32
2020,Broj,Oba spola,98,146.45
2020,Broj,Oba spola,99,74.81
2020,Broj,Oba spola,100,54.11
2020,Broj,Oba spola,101,36.9
2020,Broj,Oba spola,102,40.61
2020,Broj,Oba spola,103,22.71
2020,Broj,Oba spola,104,11.06
2020,Broj,Oba spola,105,6.08
2020,Broj,Oba spola,106,3.52
2020,Broj,Oba spola,107,1.81
2020,Broj,Oba spola,108,0.85
2020,Broj,Oba spola,109,0.55
2020,Broj,Oba spola,110,0.24
2020,Broj,Oba spola,111,0.0
2020,Broj,Oba spola,112,0.0
2020,Broj,Oba spola,113,0.0
2020,Broj,Oba spola,114,0.0
2020,Broj,Oba spola,115,0.0
2020,Broj,Oba spola,116,0.0
2020,Broj,Oba spola,117,0.0
2020,Broj,Oba spola,118,0.0
2020,Broj,Oba spola,119,0.0
2020,Broj,Oba spola,120+,0.0
2020,_%,Oba spola,Total,100.0
2020,_%,Oba spola,0,0.85
2020,_%,Oba spola,1,0.86
2020,_%,Oba spola,2,0.84
2020,_%,Oba spola,3,0.86
2020,_%,Oba spola,4,0.86
2020,_%,Oba spola,5,0.85
2020,_%,Oba spola,6,0.87
2020,_%,Oba spola,7,0.88
2020,_%,Oba spola,8,1.0
2020,_%,Oba spola,9,0.99
2020,_%,Oba spola,10,1.03
2020,_%,Oba spola,11,1.06
2020,_%,Oba spola,12,1.06
2020,_%,Oba spola,13,1.02
2020,_%,Oba spola,14,1.01
2020,_%,Oba spola,15,1.03
2020,_%,Oba spola,16,1.02
2020,_%,Oba spola,17,1.04
2020,_%,Oba spola,18,1.05
2020,_%,Oba spola,19,1.07
2020,_%,Oba spola,20,1.09
2020,_%,Oba spola,21,1.12
2020,_%,Oba spola,22,1.23
2020,_%,Oba spola,23,1.36
2020,_%,Oba spola,24,1.43
2020,_%,Oba spola,25,1.42
2020,_%,Oba spola,26,1.22
2020,_%,Oba spola,27,1.04
2020,_%,Oba spola,28,1.2
2020,_%,Oba spola,29,1.35
2020,_%,Oba spola,30,1.34
2020,_%,Oba spola,31,1.34
2020,_%,Oba spola,32,1.41
2020,_%,Oba spola,33,1.41
2020,_%,Oba spola,34,1.4
2020,_%,Oba spola,35,1.43
2020,_%,Oba spola,36,1.46
2020,_%,Oba spola,37,1.44
2020,_%,Oba spola,38,1.46
2020,_%,Oba spola,39,1.44
2020,_%,Oba spola,40,1.43
2020,_%,Oba spola,41,1.41
2020,_%,Oba spola,42,1.41
2020,_%,Oba spola,43,1.41
2020,_%,Oba spola,44,1.47
2020,_%,Oba spola,45,1.42
2020,_%,Oba spola,46,1.39
2020,_%,Oba spola,47,1.38
2020,_%,Oba spola,48,1.41
2020,_%,Oba spola,49,1.4
2020,_%,Oba spola,50,1.3
2020,_%,Oba spola,51,1.4
2020,_%,Oba spola,52,1.41
2020,_%,Oba spola,53,1.44
2020,_%,Oba spola,54,1.49
2020,_%,Oba spola,55,1.54
2020,_%,Oba spola,56,1.49
2020,_%,Oba spola,57,1.51
2020,_%,Oba spola,58,1.55
2020,_%,Oba spola,59,1.55
2020,_%,Oba spola,60,1.55
2020,_%,Oba spola,61,1.5
2020,_%,Oba spola,62,1.51
2020,_%,Oba spola,63,1.37
2020,_%,Oba spola,64,1.43
2020,_%,Oba spola,65,1.39
2020,_%,Oba spola,66,1.41
2020,_%,Oba spola,67,1.31
2020,_%,Oba spola,68,1.3
2020,_%,Oba spola,69,1.04
2020,_%,Oba spola,70,1.1
2020,_%,Oba spola,71,1.06
2020,_%,Oba spola,72,0.92
2020,_%,Oba spola,73,0.89
2020,_%,Oba spola,74,0.78
2020,_%,Oba spola,75,0.61
2020,_%,Oba spola,76,0.56
2020,_%,Oba spola,77,0.55
2020,_%,Oba spola,78,0.56
2020,_%,Oba spola,79,0.59
2020,_%,Oba spola,80,0.61
2020,_%,Oba spola,81,0.54
2020,_%,Oba spola,82,0.49
2020,_%,Oba spola,83,0.44
2020,_%,Oba spola,84,0.38
2020,_%,Oba spola,85,0.32
2020,_%,Oba spola,86,0.27
2020,_%,Oba spola,87,0.22
2020,_%,Oba spola,88,0.17
2020,_%,Oba spola,89,0.12
2020,_%,Oba spola,90,0.11
2020,_%,Oba spola,91,0.07
2020,_%,Oba spola,92,0.06
2020,_%,Oba spola,93,0.03
2020,_%,Oba spola,94,0.02
2020,_%,Oba spola,95,0.02
2020,_%,Oba spola,96,0.01
2020,_%,Oba spola,97,0.01
2020,_%,Oba spola,98,0.0
2020,_%,Oba spola,99,0.0
2020,_%,Oba spola,100,0.0
2020,_%,Oba spola,101,0.0
2020,_%,Oba spola,102,0.0
2020,_%,Oba spola,103,0.0
2020,_%,Oba spola,104,0.0
2020,_%,Oba spola,105,0.0
2020,_%,Oba spola,106,0.0
2020,_%,Oba spola,107,0.0
2020,_%,Oba spola,108,0.0
2020,_%,Oba spola,109,0.0
2020,_%,Oba spola,110,0.0
2020,_%,Oba spola,111,0.0
2020,_%,Oba spola,112,0.0
2020,_%,Oba spola,113,0.0
2020,_%,Oba spola,114,0.0
2020,_%,Oba spola,115,0.0
2020,_%,Oba spola,116,0.0
2020,_%,Oba spola,117,0.0
2020,_%,Oba spola,118,0.0
2020,_%,Oba spola,119,0.0
2020,_%,Oba spola,120+,0.0
2025,Broj,Oba spola,Total,3269526.46
2025,Broj,Oba spola,0,25776.21
2025,Broj,Oba spola,1,26165.1
2025,Broj,Oba spola,2,26609.97
2025,Broj,Oba spola,3,27086.24
2025,Broj,Oba spola,4,27576.75
2025,Broj,Oba spola,5,28065.82
2025,Broj,Oba spola,6,28600.71
2025,Broj,Oba spola,7,28074.72
2025,Broj,Oba spola,8,29037.37
2025,Broj,Oba spola,9,29243.57
2025,Broj,Oba spola,10,28969.9
2025,Broj,Oba spola,11,29565.32
2025,Broj,Oba spola,12,29930.73
2025,Broj,Oba spola,13,33674.47
2025,Broj,Oba spola,14,33453.89
2025,Broj,Oba spola,15,34726.93
2025,Broj,Oba spola,16,35623.74
2025,Broj,Oba spola,17,35267.26
2025,Broj,Oba spola,18,33581.28
2025,Broj,Oba spola,19,32928.03
2025,Broj,Oba spola,20,32732.23
2025,Broj,Oba spola,21,31890.61
2025,Broj,Oba spola,22,31793.19
2025,Broj,Oba spola,23,31455.15
2025,Broj,Oba spola,24,32051.07
2025,Broj,Oba spola,25,32467.3
2025,Broj,Oba spola,26,33064.77
2025,Broj,Oba spola,27,36371.09
2025,Broj,Oba spola,28,40479.61
2025,Broj,Oba spola,29,42830.31
2025,Broj,Oba spola,30,43413.2
2025,Broj,Oba spola,31,37644.27
2025,Broj,Oba spola,32,32407.49
2025,Broj,Oba spola,33,37848.11
2025,Broj,Oba spola,34,42833.09
2025,Broj,Oba spola,35,42590.31
2025,Broj,Oba spola,36,42593.29
2025,Broj,Oba spola,37,44969.15
2025,Broj,Oba spola,38,45038.4
2025,Broj,Oba spola,39,45005.13
2025,Broj,Oba spola,40,46115.39
2025,Broj,Oba spola,41,47199.27
2025,Broj,Oba spola,42,46761.78
2025,Broj,Oba spola,43,47339.34
2025,Broj,Oba spola,44,47026.78
2025,Broj,Oba spola,45,46942.29
2025,Broj,Oba spola,46,46383.92
2025,Broj,Oba spola,47,46510.3
2025,Broj,Oba spola,48,46468.18
2025,Broj,Oba spola,49,48492.46
2025,Broj,Oba spola,50,47040.51
2025,Broj,Oba spola,51,46253.43
2025,Broj,Oba spola,52,45847.63
2025,Broj,Oba spola,53,47006.54
2025,Broj,Oba spola,54,46664.14
2025,Broj,Oba spola,55,43430.23
2025,Broj,Oba spola,56,46840.05
2025,Broj,Oba spola,57,47107.92
2025,Broj,Oba spola,58,48159.4
2025,Broj,Oba spola,59,49835.98
2025,Broj,Oba spola,60,51236.54
2025,Broj,Oba spola,61,49779.28
2025,Broj,Oba spola,62,50422.63
2025,Broj,Oba spola,63,51589.22
2025,Broj,Oba spola,64,51362.53
2025,Broj,Oba spola,65,51080.11
2025,Broj,Oba spola,66,49048.68
2025,Broj,Oba spola,67,49122.9
2025,Broj,Oba spola,68,44212.93
2025,Broj,Oba spola,69,45730.54
2025,Broj,Oba spola,70,43895.38
2025,Broj,Oba spola,71,44163.83
2025,Broj,Oba spola,72,40272.67
2025,Broj,Oba spola,73,39625.62
2025,Broj,Oba spola,74,31320.31
2025,Broj,Oba spola,75,32509.77
2025,Broj,Oba spola,76,30739.77
2025,Broj,Oba spola,77,26132.47
2025,Broj,Oba spola,78,24627.44
2025,Broj,Oba spola,79,21234.33
2025,Broj,Oba spola,80,16199.86
2025,Broj,Oba spola,81,14539.85
2025,Broj,Oba spola,82,13860.15
2025,Broj,Oba spola,83,13483.84
2025,Broj,Oba spola,84,13609.77
2025,Broj,Oba spola,85,13419.97
2025,Broj,Oba spola,86,11406.0
2025,Broj,Oba spola,87,9816.39
2025,Broj,Oba spola,88,8225.23
2025,Broj,Oba spola,89,6723.6
2025,Broj,Oba spola,90,5327.65
2025,Broj,Oba spola,91,4114.45
2025,Broj,Oba spola,92,3103.84
2025,Broj,Oba spola,93,2225.65
2025,Broj,Oba spola,94,1486.88
2025,Broj,Oba spola,95,1168.34
2025,Broj,Oba spola,96,700.01
2025,Broj,Oba spola,97,504.68
2025,Broj,Oba spola,98,264.97
2025,Broj,Oba spola,99,161.1
2025,Broj,Oba spola,100,94.27
2025,Broj,Oba spola,101,53.56
2025,Broj,Oba spola,102,29.51
2025,Broj,Oba spola,103,17.5
2025,Broj,Oba spola,104,7.79
2025,Broj,Oba spola,105,4.93
2025,Broj,Oba spola,106,3.02
2025,Broj,Oba spola,107,2.89
2025,Broj,Oba spola,108,1.38
2025,Broj,Oba spola,109,0.57
2025,Broj,Oba spola,110,0.27
2025,Broj,Oba spola,111,0.14
2025,Broj,Oba spola,112,0.06
2025,Broj,Oba spola,113,0.03
2025,Broj,Oba spola,114,0.02
2025,Broj,Oba spola,115,0.0
2025,Broj,Oba spola,116,0.0
2025,Broj,Oba spola,117,0.0
2025,Broj,Oba spola,118,0.0
2025,Broj,Oba spola,119,0.0
2025,Broj,Oba spola,120+,0.0
2025,_%,Oba spola,Total,100.0
2025,_%,Oba spola,0,0.79
2025,_%,Oba spola,1,0.8
2025,_%,Oba spola,2,0.81
2025,_%,Oba spola,3,0.83
2025,_%,Oba spola,4,0.84
2025,_%,Oba spola,5,0.86
2025,_%,Oba spola,6,0.87
2025,_%,Oba spola,7,0.86
2025,_%,Oba spola,8,0.89
2025,_%,Oba spola,9,0.89
2025,_%,Oba spola,10,0.89
2025,_%,Oba spola,11,0.9
2025,_%,Oba spola,12,0.92
2025,_%,Oba spola,13,1.03
2025,_%,Oba spola,14,1.02
2025,_%,Oba spola,15,1.06
2025,_%,Oba spola,16,1.09
2025,_%,Oba spola,17,1.08
2025,_%,Oba spola,18,1.03
2025,_%,Oba spola,19,1.01
2025,_%,Oba spola,20,1.0
2025,_%,Oba spola,21,0.98
2025,_%,Oba spola,22,0.97
2025,_%,Oba spola,23,0.96
2025,_%,Oba spola,24,0.98
2025,_%,Oba spola,25,0.99
2025,_%,Oba spola,26,1.01
2025,_%,Oba spola,27,1.11
2025,_%,Oba spola,28,1.24
2025,_%,Oba spola,29,1.31
2025,_%,Oba spola,30,1.33
2025,_%,Oba spola,31,1.15
2025,_%,Oba spola,32,0.99
2025,_%,Oba spola,33,1.16
2025,_%,Oba spola,34,1.31
2025,_%,Oba spola,35,1.3
2025,_%,Oba spola,36,1.3
2025,_%,Oba spola,37,1.38
2025,_%,Oba spola,38,1.38
2025,_%,Oba spola,39,1.38
2025,_%,Oba spola,40,1.41
2025,_%,Oba spola,41,1.44
2025,_%,Oba spola,42,1.43
2025,_%,Oba spola,43,1.45
2025,_%,Oba spola,44,1.44
2025,_%,Oba spola,45,1.44
2025,_%,Oba spola,46,1.42
2025,_%,Oba spola,47,1.42
2025,_%,Oba spola,48,1.42
2025,_%,Oba spola,49,1.48
2025,_%,Oba spola,50,1.44
2025,_%,Oba spola,51,1.41
2025,_%,Oba spola,52,1.4
2025,_%,Oba spola,53,1.44
2025,_%,Oba spola,54,1.43
2025,_%,Oba spola,55,1.33
2025,_%,Oba spola,56,1.43
2025,_%,Oba spola,57,1.44
2025,_%,Oba spola,58,1.47
2025,_%,Oba spola,59,1.52
2025,_%,Oba spola,60,1.57
2025,_%,Oba spola,61,1.52
2025,_%,Oba spola,62,1.54
2025,_%,Oba spola,63,1.58
2025,_%,Oba spola,64,1.57
2025,_%,Oba spola,65,1.56
2025,_%,Oba spola,66,1.5
2025,_%,Oba spola,67,1.5
2025,_%,Oba spola,68,1.35
2025,_%,Oba spola,69,1.4
2025,_%,Oba spola,70,1.34
2025,_%,Oba spola,71,1.35
2025,_%,Oba spola,72,1.23
2025,_%,Oba spola,73,1.21
2025,_%,Oba spola,74,0.96
2025,_%,Oba spola,75,0.99
2025,_%,Oba spola,76,0.94
2025,_%,Oba spola,77,0.8
2025,_%,Oba spola,78,0.75
2025,_%,Oba spola,79,0.65
2025,_%,Oba spola,80,0.5
2025,_%,Oba spola,81,0.44
2025,_%,Oba spola,82,0.42
2025,_%,Oba spola,83,0.41
2025,_%,Oba spola,84,0.42
2025,_%,Oba spola,85,0.41
2025,_%,Oba spola,86,0.35
2025,_%,Oba spola,87,0.3
2025,_%,Oba spola,88,0.25
2025,_%,Oba spola,89,0.21
2025,_%,Oba spola,90,0.16
2025,_%,Oba spola,91,0.13
2025,_%,Oba spola,92,0.09
2025,_%,Oba spola,93,0.07
2025,_%,Oba spola,94,0.05
2025,_%,Oba spola,95,0.04
2025,_%,Oba spola,96,0.02
2025,_%,Oba spola,97,0.02
2025,_%,Oba spola,98,0.01
2025,_%,Oba spola,99,0.0
2025,_%,Oba spola,100,0.0
2025,_%,Oba spola,101,0.0
2025,_%,Oba spola,102,0.0
2025,_%,Oba spola,103,0.0
2025,_%,Oba spola,104,0.0
2025,_%,Oba spola,105,0.0
2025,_%,Oba spola,106,0.0
2025,_%,Oba spola,107,0.0
2025,_%,Oba spola,108,0.0
2025,_%,Oba spola,109,0.0
2025,_%,Oba spola,110,0.0
2025,_%,Oba spola,111,0.0
2025,_%,Oba spola,112,0.0
2025,_%,Oba spola,113,0.0
2025,_%,Oba spola,114,0.0
2025,_%,Oba spola,115,0.0
2025,_%,Oba spola,116,0.0
2025,_%,Oba spola,117,0.0
2025,_%,Oba spola,118,0.0
2025,_%,Oba spola,119,0.0
2025,_%,Oba spola,120+,0.0
2030,Broj,Oba spola,Total,3097083.89
2030,Broj,Oba spola,0,22553.09
2030,Broj,Oba spola,1,22885.61
2030,Broj,Oba spola,2,23289.74
2030,Broj,Oba spola,3,23753.63
2030,Broj,Oba spola,4,24270.2
2030,Broj,Oba spola,5,24829.1
2030,Broj,Oba spola,6,25417.58
2030,Broj,Oba spola,7,26014.34
2030,Broj,Oba spola,8,26597.36
2030,Broj,Oba spola,9,27148.35
2030,Broj,Oba spola,10,27659.26
2030,Broj,Oba spola,11,28201.33
2030,Broj,Oba spola,12,27677.15
2030,Broj,Oba spola,13,28621.03
2030,Broj,Oba spola,14,28812.2
2030,Broj,Oba spola,15,28524.93
2030,Broj,Oba spola,16,29040.29
2030,Broj,Oba spola,17,29159.1
2030,Broj,Oba spola,18,32449.29
2030,Broj,Oba spola,19,31639.26
2030,Broj,Oba spola,20,32172.16
2030,Broj,Oba spola,21,32279.08
2030,Broj,Oba spola,22,31349.92
2030,Broj,Oba spola,23,29378.8
2030,Broj,Oba spola,24,28593.27
2030,Broj,Oba spola,25,28393.97
2030,Broj,Oba spola,26,27698.72
2030,Broj,Oba spola,27,27813.71
2030,Broj,Oba spola,28,27700.93
2030,Broj,Oba spola,29,28510.3
2030,Broj,Oba spola,30,29154.73
2030,Broj,Oba spola,31,29892.13
2030,Broj,Oba spola,32,33101.22
2030,Broj,Oba spola,33,37034.84
2030,Broj,Oba spola,34,39360.6
2030,Broj,Oba spola,35,40229.23
2030,Broj,Oba spola,36,35092.03
2030,Broj,Oba spola,37,30307.48
2030,Broj,Oba spola,38,35604.02
2030,Broj,Oba spola,39,40328.79
2030,Broj,Oba spola,40,40108.92
2030,Broj,Oba spola,41,40197.66
2030,Broj,Oba spola,42,42576.13
2030,Broj,Oba spola,43,42701.91
2030,Broj,Oba spola,44,42765.83
2030,Broj,Oba spola,45,43924.91
2030,Broj,Oba spola,46,45060.72
2030,Broj,Oba spola,47,44725.59
2030,Broj,Oba spola,48,45407.43
2030,Broj,Oba spola,49,45215.83
2030,Broj,Oba spola,50,45263.16
2030,Broj,Oba spola,51,44834.5
2030,Broj,Oba spola,52,45058.58
2030,Broj,Oba spola,53,45081.22
2030,Broj,Oba spola,54,47114.02
2030,Broj,Oba spola,55,45758.45
2030,Broj,Oba spola,56,45064.05
2030,Broj,Oba spola,57,44704.3
2030,Broj,Oba spola,58,45841.79
2030,Broj,Oba spola,59,45532.03
2030,Broj,Oba spola,60,42417.09
2030,Broj,Oba spola,61,45659.2
2030,Broj,Oba spola,62,45847.65
2030,Broj,Oba spola,63,46744.37
2030,Broj,Oba spola,64,48195.03
2030,Broj,Oba spola,65,49318.7
2030,Broj,Oba spola,66,47685.56
2030,Broj,Oba spola,67,47969.24
2030,Broj,Oba spola,68,48679.61
2030,Broj,Oba spola,69,48038.61
2030,Broj,Oba spola,70,47319.55
2030,Broj,Oba spola,71,44962.82
2030,Broj,Oba spola,72,44504.47
2030,Broj,Oba spola,73,39542.63
2030,Broj,Oba spola,74,40285.83
2030,Broj,Oba spola,75,38045.49
2030,Broj,Oba spola,76,37621.04
2030,Broj,Oba spola,77,33713.24
2030,Broj,Oba spola,78,32571.2
2030,Broj,Oba spola,79,25222.11
2030,Broj,Oba spola,80,25589.84
2030,Broj,Oba spola,81,23567.45
2030,Broj,Oba spola,82,19478.78
2030,Broj,Oba spola,83,17754.9
2030,Broj,Oba spola,84,14774.31
2030,Broj,Oba spola,85,10845.84
2030,Broj,Oba spola,86,9319.07
2030,Broj,Oba spola,87,8469.7
2030,Broj,Oba spola,88,7814.71
2030,Broj,Oba spola,89,7449.11
2030,Broj,Oba spola,90,6903.98
2030,Broj,Oba spola,91,5488.57
2030,Broj,Oba spola,92,4394.25
2030,Broj,Oba spola,93,3402.19
2030,Broj,Oba spola,94,2551.21
2030,Broj,Oba spola,95,1841.48
2030,Broj,Oba spola,96,1292.16
2030,Broj,Oba spola,97,883.82
2030,Broj,Oba spola,98,571.92
2030,Broj,Oba spola,99,342.99
2030,Broj,Oba spola,100,241.26
2030,Broj,Oba spola,101,128.47
2030,Broj,Oba spola,102,81.6
2030,Broj,Oba spola,103,37.51
2030,Broj,Oba spola,104,19.89
2030,Broj,Oba spola,105,10.09
2030,Broj,Oba spola,106,4.97
2030,Broj,Oba spola,107,2.35
2030,Broj,Oba spola,108,1.16
2030,Broj,Oba spola,109,0.44
2030,Broj,Oba spola,110,0.24
2030,Broj,Oba spola,111,0.13
2030,Broj,Oba spola,112,0.11
2030,Broj,Oba spola,113,0.05
2030,Broj,Oba spola,114,0.02
2030,Broj,Oba spola,115,0.01
2030,Broj,Oba spola,116,0.0
2030,Broj,Oba spola,117,0.0
2030,Broj,Oba spola,118,0.0
2030,Broj,Oba spola,119,0.0
2030,Broj,Oba spola,120+,0.0
2030,_%,Oba spola,Total,100.0
2030,_%,Oba spola,0,0.73
2030,_%,Oba spola,1,0.74
2030,_%,Oba spola,2,0.75
2030,_%,Oba spola,3,0.77
2030,_%,Oba spola,4,0.78
2030,_%,Oba spola,5,0.8
2030,_%,Oba spola,6,0.82
2030,_%,Oba spola,7,0.84
2030,_%,Oba spola,8,0.86
2030,_%,Oba spola,9,0.88
2030,_%,Oba spola,10,0.89
2030,_%,Oba spola,11,0.91
2030,_%,Oba spola,12,0.89
2030,_%,Oba spola,13,0.92
2030,_%,Oba spola,14,0.93
2030,_%,Oba spola,15,0.92
2030,_%,Oba spola,16,0.94
2030,_%,Oba spola,17,0.94
2030,_%,Oba spola,18,1.05
2030,_%,Oba spola,19,1.02
2030,_%,Oba spola,20,1.04
2030,_%,Oba spola,21,1.04
2030,_%,Oba spola,22,1.01
2030,_%,Oba spola,23,0.95
2030,_%,Oba spola,24,0.92
2030,_%,Oba spola,25,0.92
2030,_%,Oba spola,26,0.89
2030,_%,Oba spola,27,0.9
2030,_%,Oba spola,28,0.89
2030,_%,Oba spola,29,0.92
2030,_%,Oba spola,30,0.94
2030,_%,Oba spola,31,0.97
2030,_%,Oba spola,32,1.07
2030,_%,Oba spola,33,1.2
2030,_%,Oba spola,34,1.27
2030,_%,Oba spola,35,1.3
2030,_%,Oba spola,36,1.13
2030,_%,Oba spola,37,0.98
2030,_%,Oba spola,38,1.15
2030,_%,Oba spola,39,1.3
2030,_%,Oba spola,40,1.3
2030,_%,Oba spola,41,1.3
2030,_%,Oba spola,42,1.37
2030,_%,Oba spola,43,1.38
2030,_%,Oba spola,44,1.38
2030,_%,Oba spola,45,1.42
2030,_%,Oba spola,46,1.45
2030,_%,Oba spola,47,1.44
2030,_%,Oba spola,48,1.47
2030,_%,Oba spola,49,1.46
2030,_%,Oba spola,50,1.46
2030,_%,Oba spola,51,1.45
2030,_%,Oba spola,52,1.45
2030,_%,Oba spola,53,1.46
2030,_%,Oba spola,54,1.52
2030,_%,Oba spola,55,1.48
2030,_%,Oba spola,56,1.46
2030,_%,Oba spola,57,1.44
2030,_%,Oba spola,58,1.48
2030,_%,Oba spola,59,1.47
2030,_%,Oba spola,60,1.37
2030,_%,Oba spola,61,1.47
2030,_%,Oba spola,62,1.48
2030,_%,Oba spola,63,1.51
2030,_%,Oba spola,64,1.56
2030,_%,Oba spola,65,1.59
2030,_%,Oba spola,66,1.54
2030,_%,Oba spola,67,1.55
2030,_%,Oba spola,68,1.57
2030,_%,Oba spola,69,1.55
2030,_%,Oba spola,70,1.53
2030,_%,Oba spola,71,1.45
2030,_%,Oba spola,72,1.44
2030,_%,Oba spola,73,1.28
2030,_%,Oba spola,74,1.3
2030,_%,Oba spola,75,1.23
2030,_%,Oba spola,76,1.21
2030,_%,Oba spola,77,1.09
2030,_%,Oba spola,78,1.05
2030,_%,Oba spola,79,0.81
2030,_%,Oba spola,80,0.83
2030,_%,Oba spola,81,0.76
2030,_%,Oba spola,82,0.63
2030,_%,Oba spola,83,0.57
2030,_%,Oba spola,84,0.48
2030,_%,Oba spola,85,0.35
2030,_%,Oba spola,86,0.3
2030,_%,Oba spola,87,0.27
2030,_%,Oba spola,88,0.25
2030,_%,Oba spola,89,0.24
2030,_%,Oba spola,90,0.22
2030,_%,Oba spola,91,0.18
2030,_%,Oba spola,92,0.14
2030,_%,Oba spola,93,0.11
2030,_%,Oba spola,94,0.08
2030,_%,Oba spola,95,0.06
2030,_%,Oba spola,96,0.04
2030,_%,Oba spola,97,0.03
2030,_%,Oba spola,98,0.02
2030,_%,Oba spola,99,0.01
2030,_%,Oba spola,100,0.01
2030,_%,Oba spola,101,0.0
2030,_%,Oba spola,102,0.0
2030,_%,Oba spola,103,0.0
2030,_%,Oba spola,104,0.0
2030,_%,Oba spola,105,0.0
2030,_%,Oba spola,106,0.0
2030,_%,Oba spola,107,0.0
2030,_%,Oba spola,108,0.0
2030,_%,Oba spola,109,0.0
2030,_%,Oba spola,110,0.0
2030,_%,Oba spola,111,0.0
2030,_%,Oba spola,112,0.0
2030,_%,Oba spola,113,0.0
2030,_%,Oba spola,114,0.0
2030,_%,Oba spola,115,0.0
2030,_%,Oba spola,116,0.0
2030,_%,Oba spola,117,0.0
2030,_%,Oba spola,118,0.0
2030,_%,Oba spola,119,0.0
2030,_%,Oba spola,120+,0.0
2035,Broj,Oba spola,Total,2912260.0
2035,Broj,Oba spola,0,19820.56
2035,Broj,Oba spola,1,20061.13
2035,Broj,Oba spola,2,20377.76
2035,Broj,Oba spola,3,20764.65
2035,Broj,Oba spola,4,21219.96
2035,Broj,Oba spola,5,21736.32
2035,Broj,Oba spola,6,22244.42
2035,Broj,Oba spola,7,22782.26
2035,Broj,Oba spola,8,23338.37
2035,Broj,Oba spola,9,23904.45
2035,Broj,Oba spola,10,24477.41
2035,Broj,Oba spola,11,25055.36
2035,Broj,Oba spola,12,25629.98
2035,Broj,Oba spola,13,26186.58
2035,Broj,Oba spola,14,26710.08
2035,Broj,Oba spola,15,27185.38
2035,Broj,Oba spola,16,27653.03
2035,Broj,Oba spola,17,26958.52
2035,Broj,Oba spola,18,27580.61
2035,Broj,Oba spola,19,27320.06
2035,Broj,Oba spola,20,26481.48
2035,Broj,Oba spola,21,26390.41
2035,Broj,Oba spola,22,25841.38
2035,Broj,Oba spola,23,28484.26
2035,Broj,Oba spola,24,27321.18
2035,Broj,Oba spola,25,27733.77
2035,Broj,Oba spola,26,27887.55
2035,Broj,Oba spola,27,27277.14
2035,Broj,Oba spola,28,25775.57
2035,Broj,Oba spola,29,25403.4
2035,Broj,Oba spola,30,25550.67
2035,Broj,Oba spola,31,25177.63
2035,Broj,Oba spola,32,25555.07
2035,Broj,Oba spola,33,25638.69
2035,Broj,Oba spola,34,26564.74
2035,Broj,Oba spola,35,27280.35
2035,Broj,Oba spola,36,28010.7
2035,Broj,Oba spola,37,31047.38
2035,Broj,Oba spola,38,34753.92
2035,Broj,Oba spola,39,36971.73
2035,Broj,Oba spola,40,37983.79
2035,Broj,Oba spola,41,33279.58
2035,Broj,Oba spola,42,28807.24
2035,Broj,Oba spola,43,33959.24
2035,Broj,Oba spola,44,38470.09
2035,Broj,Oba spola,45,38267.79
2035,Broj,Oba spola,46,38417.11
2035,Broj,Oba spola,47,40793.15
2035,Broj,Oba spola,48,40976.39
2035,Broj,Oba spola,49,41130.65
2035,Broj,Oba spola,50,42341.17
2035,Broj,Oba spola,51,43531.78
2035,Broj,Oba spola,52,43286.65
2035,Broj,Oba spola,53,44035.27
2035,Broj,Oba spola,54,43912.92
2035,Broj,Oba spola,55,44023.32
2035,Broj,Oba spola,56,43656.78
2035,Broj,Oba spola,57,43912.26
2035,Broj,Oba spola,58,43952.03
2035,Broj,Oba spola,59,45933.29
2035,Broj,Oba spola,60,44627.95
2035,Broj,Oba spola,61,43957.95
2035,Broj,Oba spola,62,43570.91
2035,Broj,Oba spola,63,44583.35
2035,Broj,Oba spola,64,44181.17
2035,Broj,Oba spola,65,41068.64
2035,Broj,Oba spola,66,43921.33
2035,Broj,Oba spola,67,43827.67
2035,Broj,Oba spola,68,44334.02
2035,Broj,Oba spola,69,45319.38
2035,Broj,Oba spola,70,45943.37
2035,Broj,Oba spola,71,43991.35
2035,Broj,Oba spola,72,43758.65
2035,Broj,Oba spola,73,43861.1
2035,Broj,Oba spola,74,42698.22
2035,Broj,Oba spola,75,41446.12
2035,Broj,Oba spola,76,38766.27
2035,Broj,Oba spola,77,37762.06
2035,Broj,Oba spola,78,32960.85
2035,Broj,Oba spola,79,32924.77
2035,Broj,Oba spola,80,30432.63
2035,Broj,Oba spola,81,29371.87
2035,Broj,Oba spola,82,25618.79
2035,Broj,Oba spola,83,24040.81
2035,Broj,Oba spola,84,18001.63
2035,Broj,Oba spola,85,17621.5
2035,Broj,Oba spola,86,15590.36
2035,Broj,Oba spola,87,12345.82
2035,Broj,Oba spola,88,10731.7
2035,Broj,Oba spola,89,8483.8
2035,Broj,Oba spola,90,5889.0
2035,Broj,Oba spola,91,4759.59
2035,Broj,Oba spola,92,4043.87
2035,Broj,Oba spola,93,3463.45
2035,Broj,Oba spola,94,3043.71
2035,Broj,Oba spola,95,2585.72
2035,Broj,Oba spola,96,1877.7
2035,Broj,Oba spola,97,1371.15
2035,Broj,Oba spola,98,963.08
2035,Broj,Oba spola,99,652.32
2035,Broj,Oba spola,100,423.24
2035,Broj,Oba spola,101,264.45
2035,Broj,Oba spola,102,159.87
2035,Broj,Oba spola,103,91.14
2035,Broj,Oba spola,104,47.84
2035,Broj,Oba spola,105,29.33
2035,Broj,Oba spola,106,13.55
2035,Broj,Oba spola,107,7.38
2035,Broj,Oba spola,108,2.88
2035,Broj,Oba spola,109,1.29
2035,Broj,Oba spola,110,0.55
2035,Broj,Oba spola,111,0.23
2035,Broj,Oba spola,112,0.09
2035,Broj,Oba spola,113,0.04
2035,Broj,Oba spola,114,0.01
2035,Broj,Oba spola,115,0.01
2035,Broj,Oba spola,116,0.0
2035,Broj,Oba spola,117,0.0
2035,Broj,Oba spola,118,0.0
2035,Broj,Oba spola,119,0.0
2035,Broj,Oba spola,120+,0.0
2035,_%,Oba spola,Total,100.0
2035,_%,Oba spola,0,0.68
2035,_%,Oba spola,1,0.69
2035,_%,Oba spola,2,0.7
2035,_%,Oba spola,3,0.71
2035,_%,Oba spola,4,0.73
2035,_%,Oba spola,5,0.75
2035,_%,Oba spola,6,0.76
2035,_%,Oba spola,7,0.78
2035,_%,Oba spola,8,0.8
2035,_%,Oba spola,9,0.82
2035,_%,Oba spola,10,0.84
2035,_%,Oba spola,11,0.86
2035,_%,Oba spola,12,0.88
2035,_%,Oba spola,13,0.9
2035,_%,Oba spola,14,0.92
2035,_%,Oba spola,15,0.93
2035,_%,Oba spola,16,0.95
2035,_%,Oba spola,17,0.93
2035,_%,Oba spola,18,0.95
2035,_%,Oba spola,19,0.94
2035,_%,Oba spola,20,0.91
2035,_%,Oba spola,21,0.91
2035,_%,Oba spola,22,0.89
2035,_%,Oba spola,23,0.98
2035,_%,Oba spola,24,0.94
2035,_%,Oba spola,25,0.95
2035,_%,Oba spola,26,0.96
2035,_%,Oba spola,27,0.94
2035,_%,Oba spola,28,0.89
2035,_%,Oba spola,29,0.87
2035,_%,Oba spola,30,0.88
2035,_%,Oba spola,31,0.86
2035,_%,Oba spola,32,0.88
2035,_%,Oba spola,33,0.88
2035,_%,Oba spola,34,0.91
2035,_%,Oba spola,35,0.94
2035,_%,Oba spola,36,0.96
2035,_%,Oba spola,37,1.07
2035,_%,Oba spola,38,1.19
2035,_%,Oba spola,39,1.27
2035,_%,Oba spola,40,1.3
2035,_%,Oba spola,41,1.14
2035,_%,Oba spola,42,0.99
2035,_%,Oba spola,43,1.17
2035,_%,Oba spola,44,1.32
2035,_%,Oba spola,45,1.31
2035,_%,Oba spola,46,1.32
2035,_%,Oba spola,47,1.4
2035,_%,Oba spola,48,1.41
2035,_%,Oba spola,49,1.41
2035,_%,Oba spola,50,1.45
2035,_%,Oba spola,51,1.49
2035,_%,Oba spola,52,1.49
2035,_%,Oba spola,53,1.51
2035,_%,Oba spola,54,1.51
2035,_%,Oba spola,55,1.51
2035,_%,Oba spola,56,1.5
2035,_%,Oba spola,57,1.51
2035,_%,Oba spola,58,1.51
2035,_%,Oba spola,59,1.58
2035,_%,Oba spola,60,1.53
2035,_%,Oba spola,61,1.51
2035,_%,Oba spola,62,1.5
2035,_%,Oba spola,63,1.53
2035,_%,Oba spola,64,1.52
2035,_%,Oba spola,65,1.41
2035,_%,Oba spola,66,1.51
2035,_%,Oba spola,67,1.5
2035,_%,Oba spola,68,1.52
2035,_%,Oba spola,69,1.56
2035,_%,Oba spola,70,1.58
2035,_%,Oba spola,71,1.51
2035,_%,Oba spola,72,1.5
2035,_%,Oba spola,73,1.51
2035,_%,Oba spola,74,1.47
2035,_%,Oba spola,75,1.42
2035,_%,Oba spola,76,1.33
2035,_%,Oba spola,77,1.3
2035,_%,Oba spola,78,1.13
2035,_%,Oba spola,79,1.13
2035,_%,Oba spola,80,1.04
2035,_%,Oba spola,81,1.01
2035,_%,Oba spola,82,0.88
2035,_%,Oba spola,83,0.83
2035,_%,Oba spola,84,0.62
2035,_%,Oba spola,85,0.61
2035,_%,Oba spola,86,0.54
2035,_%,Oba spola,87,0.42
2035,_%,Oba spola,88,0.37
2035,_%,Oba spola,89,0.29
2035,_%,Oba spola,90,0.2
2035,_%,Oba spola,91,0.16
2035,_%,Oba spola,92,0.14
2035,_%,Oba spola,93,0.12
2035,_%,Oba spola,94,0.1
2035,_%,Oba spola,95,0.09
2035,_%,Oba spola,96,0.06
2035,_%,Oba spola,97,0.05
2035,_%,Oba spola,98,0.03
2035,_%,Oba spola,99,0.02
2035,_%,Oba spola,100,0.01
2035,_%,Oba spola,101,0.01
2035,_%,Oba spola,102,0.01
2035,_%,Oba spola,103,0.0
2035,_%,Oba spola,104,0.0
2035,_%,Oba spola,105,0.0
2035,_%,Oba spola,106,0.0
2035,_%,Oba spola,107,0.0
2035,_%,Oba spola,108,0.0
2035,_%,Oba spola,109,0.0
2035,_%,Oba spola,110,0.0
2035,_%,Oba spola,111,0.0
2035,_%,Oba spola,112,0.0
2035,_%,Oba spola,113,0.0
2035,_%,Oba spola,114,0.0
2035,_%,Oba spola,115,0.0
2035,_%,Oba spola,116,0.0
2035,_%,Oba spola,117,0.0
2035,_%,Oba spola,118,0.0
2035,_%,Oba spola,119,0.0
2035,_%,Oba spola,120+,0.0
2040,Broj,Oba spola,Total,2717957.73
2040,Broj,Oba spola,0,17902.47
2040,Broj,Oba spola,1,18023.75
2040,Broj,Oba spola,2,18206.65
2040,Broj,Oba spola,3,18450.14
2040,Broj,Oba spola,4,18753.89
2040,Broj,Oba spola,5,19109.09
2040,Broj,Oba spola,6,19508.19
2040,Broj,Oba spola,7,19945.22
2040,Broj,Oba spola,8,20414.78
2040,Broj,Oba spola,9,20913.97
2040,Broj,Oba spola,10,21442.43
2040,Broj,Oba spola,11,21941.15
2040,Broj,Oba spola,12,22458.76
2040,Broj,Oba spola,13,22989.35
2040,Broj,Oba spola,14,23527.2
2040,Broj,Oba spola,15,24063.62
2040,Broj,Oba spola,16,24558.43
2040,Broj,Oba spola,17,24953.09
2040,Broj,Oba spola,18,25203.64
2040,Broj,Oba spola,19,25284.39
2040,Broj,Oba spola,20,25195.77
2040,Broj,Oba spola,21,25091.14
2040,Broj,Oba spola,22,23916.8
2040,Broj,Oba spola,23,24153.25
2040,Broj,Oba spola,24,23702.06
2040,Broj,Oba spola,25,22882.42
2040,Broj,Oba spola,26,22909.4
2040,Broj,Oba spola,27,22417.74
2040,Broj,Oba spola,28,25074.16
2040,Broj,Oba spola,29,24114.29
2040,Broj,Oba spola,30,24802.63
2040,Broj,Oba spola,31,25216.97
2040,Broj,Oba spola,32,24944.9
2040,Broj,Oba spola,33,23790.3
2040,Broj,Oba spola,34,23652.56
2040,Broj,Oba spola,35,23943.35
2040,Broj,Oba spola,36,23686.64
2040,Broj,Oba spola,37,24152.26
2040,Broj,Oba spola,38,24297.76
2040,Broj,Oba spola,39,25248.15
2040,Broj,Oba spola,40,25978.48
2040,Broj,Oba spola,41,26680.33
2040,Broj,Oba spola,42,29563.57
2040,Broj,Oba spola,43,33077.39
2040,Broj,Oba spola,44,35201.71
2040,Broj,Oba spola,45,36310.5
2040,Broj,Oba spola,46,31933.11
2040,Broj,Oba spola,47,27709.58
2040,Broj,Oba spola,48,32753.59
2040,Broj,Oba spola,49,37113.33
2040,Broj,Oba spola,50,36950.3
2040,Broj,Oba spola,51,37169.45
2040,Broj,Oba spola,52,39546.1
2040,Broj,Oba spola,53,39770.29
2040,Broj,Oba spola,54,39975.27
2040,Broj,Oba spola,55,41190.25
2040,Broj,Oba spola,56,42382.64
2040,Broj,Oba spola,57,42176.76
2040,Broj,Oba spola,58,42937.66
2040,Broj,Oba spola,59,42840.35
2040,Broj,Oba spola,60,42963.02
2040,Broj,Oba spola,61,42603.38
2040,Broj,Oba spola,62,42813.97
2040,Broj,Oba spola,63,42786.95
2040,Broj,Oba spola,64,44581.53
2040,Broj,Oba spola,65,43192.88
2040,Broj,Oba spola,66,42377.56
2040,Broj,Oba spola,67,41773.89
2040,Broj,Oba spola,68,42442.45
2040,Broj,Oba spola,69,41751.92
2040,Broj,Oba spola,70,38516.36
2040,Broj,Oba spola,71,40774.56
2040,Broj,Oba spola,72,40272.73
2040,Broj,Oba spola,73,40261.75
2040,Broj,Oba spola,74,40644.46
2040,Broj,Oba spola,75,40636.93
2040,Broj,Oba spola,76,38346.61
2040,Broj,Oba spola,77,37563.11
2040,Broj,Oba spola,78,37033.47
2040,Broj,Oba spola,79,35395.62
2040,Broj,Oba spola,80,33685.25
2040,Broj,Oba spola,81,30805.16
2040,Broj,Oba spola,82,29273.18
2040,Broj,Oba spola,83,24841.19
2040,Broj,Oba spola,84,24063.96
2040,Broj,Oba spola,85,21500.49
2040,Broj,Oba spola,86,20001.68
2040,Broj,Oba spola,87,16756.68
2040,Broj,Oba spola,88,15068.03
2040,Broj,Oba spola,89,10740.0
2040,Broj,Oba spola,90,9986.54
2040,Broj,Oba spola,91,8342.5
2040,Broj,Oba spola,92,6205.23
2040,Broj,Oba spola,93,5037.73
2040,Broj,Oba spola,94,3693.3
2040,Broj,Oba spola,95,2358.48
2040,Broj,Oba spola,96,1752.0
2040,Broj,Oba spola,97,1363.92
2040,Broj,Oba spola,98,1064.46
2040,Broj,Oba spola,99,848.77
2040,Broj,Oba spola,100,650.58
2040,Broj,Oba spola,101,422.19
2040,Broj,Oba spola,102,273.06
2040,Broj,Oba spola,103,169.1
2040,Broj,Oba spola,104,100.44
2040,Broj,Oba spola,105,56.81
2040,Broj,Oba spola,106,30.63
2040,Broj,Oba spola,107,15.83
2040,Broj,Oba spola,108,7.67
2040,Broj,Oba spola,109,3.38
2040,Broj,Oba spola,110,1.74
2040,Broj,Oba spola,111,0.68
2040,Broj,Oba spola,112,0.31
2040,Broj,Oba spola,113,0.1
2040,Broj,Oba spola,114,0.04
2040,Broj,Oba spola,115,0.01
2040,Broj,Oba spola,116,0.01
2040,Broj,Oba spola,117,0.0
2040,Broj,Oba spola,118,0.0
2040,Broj,Oba spola,119,0.0
2040,Broj,Oba spola,120+,0.0
2040,_%,Oba spola,Total,100.0
2040,_%,Oba spola,0,0.66
2040,_%,Oba spola,1,0.66
2040,_%,Oba spola,2,0.67
2040,_%,Oba spola,3,0.68
2040,_%,Oba spola,4,0.69
2040,_%,Oba spola,5,0.7
2040,_%,Oba spola,6,0.72
2040,_%,Oba spola,7,0.73
2040,_%,Oba spola,8,0.75
2040,_%,Oba spola,9,0.77
2040,_%,Oba spola,10,0.79
2040,_%,Oba spola,11,0.81
2040,_%,Oba spola,12,0.83
2040,_%,Oba spola,13,0.85
2040,_%,Oba spola,14,0.87
2040,_%,Oba spola,15,0.89
2040,_%,Oba spola,16,0.9
2040,_%,Oba spola,17,0.92
2040,_%,Oba spola,18,0.93
2040,_%,Oba spola,19,0.93
2040,_%,Oba spola,20,0.93
2040,_%,Oba spola,21,0.92
2040,_%,Oba spola,22,0.88
2040,_%,Oba spola,23,0.89
2040,_%,Oba spola,24,0.87
2040,_%,Oba spola,25,0.84
2040,_%,Oba spola,26,0.84
2040,_%,Oba spola,27,0.82
2040,_%,Oba spola,28,0.92
2040,_%,Oba spola,29,0.89
2040,_%,Oba spola,30,0.91
2040,_%,Oba spola,31,0.93
2040,_%,Oba spola,32,0.92
2040,_%,Oba spola,33,0.88
2040,_%,Oba spola,34,0.87
2040,_%,Oba spola,35,0.88
2040,_%,Oba spola,36,0.87
2040,_%,Oba spola,37,0.89
2040,_%,Oba spola,38,0.89
2040,_%,Oba spola,39,0.93
2040,_%,Oba spola,40,0.96
2040,_%,Oba spola,41,0.98
2040,_%,Oba spola,42,1.09
2040,_%,Oba spola,43,1.22
2040,_%,Oba spola,44,1.3
2040,_%,Oba spola,45,1.34
2040,_%,Oba spola,46,1.17
2040,_%,Oba spola,47,1.02
2040,_%,Oba spola,48,1.21
2040,_%,Oba spola,49,1.37
2040,_%,Oba spola,50,1.36
2040,_%,Oba spola,51,1.37
2040,_%,Oba spola,52,1.45
2040,_%,Oba spola,53,1.46
2040,_%,Oba spola,54,1.47
2040,_%,Oba spola,55,1.52
2040,_%,Oba spola,56,1.56
2040,_%,Oba spola,57,1.55
2040,_%,Oba spola,58,1.58
2040,_%,Oba spola,59,1.58
2040,_%,Oba spola,60,1.58
2040,_%,Oba spola,61,1.57
2040,_%,Oba spola,62,1.58
2040,_%,Oba spola,63,1.57
2040,_%,Oba spola,64,1.64
2040,_%,Oba spola,65,1.59
2040,_%,Oba spola,66,1.56
2040,_%,Oba spola,67,1.54
2040,_%,Oba spola,68,1.56
2040,_%,Oba spola,69,1.54
2040,_%,Oba spola,70,1.42
2040,_%,Oba spola,71,1.5
2040,_%,Oba spola,72,1.48
2040,_%,Oba spola,73,1.48
2040,_%,Oba spola,74,1.5
2040,_%,Oba spola,75,1.5
2040,_%,Oba spola,76,1.41
2040,_%,Oba spola,77,1.38
2040,_%,Oba spola,78,1.36
2040,_%,Oba spola,79,1.3
2040,_%,Oba spola,80,1.24
2040,_%,Oba spola,81,1.13
2040,_%,Oba spola,82,1.08
2040,_%,Oba spola,83,0.91
2040,_%,Oba spola,84,0.89
2040,_%,Oba spola,85,0.79
2040,_%,Oba spola,86,0.74
2040,_%,Oba spola,87,0.62
2040,_%,Oba spola,88,0.55
2040,_%,Oba spola,89,0.4
2040,_%,Oba spola,90,0.37
2040,_%,Oba spola,91,0.31
2040,_%,Oba spola,92,0.23
2040,_%,Oba spola,93,0.19
2040,_%,Oba spola,94,0.14
2040,_%,Oba spola,95,0.09
2040,_%,Oba spola,96,0.06
2040,_%,Oba spola,97,0.05
2040,_%,Oba spola,98,0.04
2040,_%,Oba spola,99,0.03
2040,_%,Oba spola,100,0.02
2040,_%,Oba spola,101,0.02
2040,_%,Oba spola,102,0.01
2040,_%,Oba spola,103,0.01
2040,_%,Oba spola,104,0.0
2040,_%,Oba spola,105,0.0
2040,_%,Oba spola,106,0.0
2040,_%,Oba spola,107,0.0
2040,_%,Oba spola,108,0.0
2040,_%,Oba spola,109,0.0
2040,_%,Oba spola,110,0.0
2040,_%,Oba spola,111,0.0
2040,_%,Oba spola,112,0.0
2040,_%,Oba spola,113,0.0
2040,_%,Oba spola,114,0.0
2040,_%,Oba spola,115,0.0
2040,_%,Oba spola,116,0.0
2040,_%,Oba spola,117,0.0
2040,_%,Oba spola,118,0.0
2040,_%,Oba spola,119,0.0
2040,_%,Oba spola,120+,0.0
2045,Broj,Oba spola,Total,2518462.83
2045,Broj,Oba spola,0,16291.55
2045,Broj,Oba spola,1,16412.33
2045,Broj,Oba spola,2,16572.74
2045,Broj,Oba spola,3,16767.95
2045,Broj,Oba spola,4,16997.46
2045,Broj,Oba spola,5,17257.27
2045,Broj,Oba spola,6,17525.33
2045,Broj,Oba spola,7,17821.37
2045,Broj,Oba spola,8,18144.02
2045,Broj,Oba spola,9,18492.15
2045,Broj,Oba spola,10,18862.68
2045,Broj,Oba spola,11,19256.47
2045,Broj,Oba spola,12,19677.31
2045,Broj,Oba spola,13,20125.12
2045,Broj,Oba spola,14,20599.18
2045,Broj,Oba spola,15,21094.93
2045,Broj,Oba spola,16,21520.59
2045,Broj,Oba spola,17,21879.88
2045,Broj,Oba spola,18,22139.65
2045,Broj,Oba spola,19,22282.61
2045,Broj,Oba spola,20,22312.94
2045,Broj,Oba spola,21,22259.47
2045,Broj,Oba spola,22,22158.03
2045,Broj,Oba spola,23,22030.04
2045,Broj,Oba spola,24,21885.01
2045,Broj,Oba spola,25,21725.16
2045,Broj,Oba spola,26,21722.77
2045,Broj,Oba spola,27,20763.62
2045,Broj,Oba spola,28,21210.94
2045,Broj,Oba spola,29,21026.64
2045,Broj,Oba spola,30,20523.05
2045,Broj,Oba spola,31,20821.26
2045,Broj,Oba spola,32,20479.19
2045,Broj,Oba spola,33,23190.88
2045,Broj,Oba spola,34,22347.07
2045,Broj,Oba spola,35,23139.85
2045,Broj,Oba spola,36,23628.47
2045,Broj,Oba spola,37,23494.37
2045,Broj,Oba spola,38,22505.52
2045,Broj,Oba spola,39,22477.46
2045,Broj,Oba spola,40,22836.11
2045,Broj,Oba spola,41,22641.48
2045,Broj,Oba spola,42,23150.02
2045,Broj,Oba spola,43,23324.01
2045,Broj,Oba spola,44,24282.82
2045,Broj,Oba spola,45,25020.76
2045,Broj,Oba spola,46,25701.47
2045,Broj,Oba spola,47,28473.32
2045,Broj,Oba spola,48,31855.46
2045,Broj,Oba spola,49,33927.34
2045,Broj,Oba spola,50,35120.72
2045,Broj,Oba spola,51,31011.82
2045,Broj,Oba spola,52,27001.12
2045,Broj,Oba spola,53,31947.82
2045,Broj,Oba spola,54,36170.93
2045,Broj,Oba spola,55,36021.2
2045,Broj,Oba spola,56,36269.78
2045,Broj,Oba spola,57,38605.66
2045,Broj,Oba spola,58,38837.81
2045,Broj,Oba spola,59,39060.41
2045,Broj,Oba spola,60,40244.17
2045,Broj,Oba spola,61,41388.78
2045,Broj,Oba spola,62,41161.35
2045,Broj,Oba spola,63,41842.62
2045,Broj,Oba spola,64,41662.45
2045,Broj,Oba spola,65,41658.73
2045,Broj,Oba spola,66,41150.8
2045,Broj,Oba spola,67,41133.91
2045,Broj,Oba spola,68,40855.65
2045,Broj,Oba spola,69,42254.6
2045,Broj,Oba spola,70,40637.26
2045,Broj,Oba spola,71,39545.27
2045,Broj,Oba spola,72,38616.24
2045,Broj,Oba spola,73,38819.68
2045,Broj,Oba spola,74,37755.21
2045,Broj,Oba spola,75,34399.75
2045,Broj,Oba spola,76,35912.16
2045,Broj,Oba spola,77,34977.21
2045,Broj,Oba spola,78,34418.84
2045,Broj,Oba spola,79,34164.46
2045,Broj,Oba spola,80,33524.74
2045,Broj,Oba spola,81,30977.66
2045,Broj,Oba spola,82,29637.53
2045,Broj,Oba spola,83,28473.11
2045,Broj,Oba spola,84,26443.94
2045,Broj,Oba spola,85,24394.28
2045,Broj,Oba spola,86,21552.39
2045,Broj,Oba spola,87,19740.43
2045,Broj,Oba spola,88,16070.62
2045,Broj,Oba spola,89,14889.0
2045,Broj,Oba spola,90,12661.32
2045,Broj,Oba spola,91,11167.07
2045,Broj,Oba spola,92,8818.35
2045,Broj,Oba spola,93,7444.49
2045,Broj,Oba spola,94,4930.11
2045,Broj,Oba spola,95,4248.15
2045,Broj,Oba spola,96,3274.71
2045,Broj,Oba spola,97,2239.23
2045,Broj,Oba spola,98,1664.83
2045,Broj,Oba spola,99,1111.08
2045,Broj,Oba spola,100,642.01
2045,Broj,Oba spola,101,427.56
2045,Broj,Oba spola,102,295.37
2045,Broj,Oba spola,103,203.59
2045,Broj,Oba spola,104,142.5
2045,Broj,Oba spola,105,95.22
2045,Broj,Oba spola,106,53.3
2045,Broj,Oba spola,107,29.36
2045,Broj,Oba spola,108,15.34
2045,Broj,Oba spola,109,7.62
2045,Broj,Oba spola,110,3.59
2045,Broj,Oba spola,111,1.62
2045,Broj,Oba spola,112,0.7
2045,Broj,Oba spola,113,0.29
2045,Broj,Oba spola,114,0.11
2045,Broj,Oba spola,115,0.05
2045,Broj,Oba spola,116,0.02
2045,Broj,Oba spola,117,0.01
2045,Broj,Oba spola,118,0.0
2045,Broj,Oba spola,119,0.0
2045,Broj,Oba spola,120+,0.0
2045,_%,Oba spola,Total,100.0
2045,_%,Oba spola,0,0.65
2045,_%,Oba spola,1,0.65
2045,_%,Oba spola,2,0.66
2045,_%,Oba spola,3,0.67
2045,_%,Oba spola,4,0.67
2045,_%,Oba spola,5,0.69
2045,_%,Oba spola,6,0.7
2045,_%,Oba spola,7,0.71
2045,_%,Oba spola,8,0.72
2045,_%,Oba spola,9,0.73
2045,_%,Oba spola,10,0.75
2045,_%,Oba spola,11,0.76
2045,_%,Oba spola,12,0.78
2045,_%,Oba spola,13,0.8
2045,_%,Oba spola,14,0.82
2045,_%,Oba spola,15,0.84
2045,_%,Oba spola,16,0.85
2045,_%,Oba spola,17,0.87
2045,_%,Oba spola,18,0.88
2045,_%,Oba spola,19,0.88
2045,_%,Oba spola,20,0.89
2045,_%,Oba spola,21,0.88
2045,_%,Oba spola,22,0.88
2045,_%,Oba spola,23,0.87
2045,_%,Oba spola,24,0.87
2045,_%,Oba spola,25,0.86
2045,_%,Oba spola,26,0.86
2045,_%,Oba spola,27,0.82
2045,_%,Oba spola,28,0.84
2045,_%,Oba spola,29,0.83
2045,_%,Oba spola,30,0.81
2045,_%,Oba spola,31,0.83
2045,_%,Oba spola,32,0.81
2045,_%,Oba spola,33,0.92
2045,_%,Oba spola,34,0.89
2045,_%,Oba spola,35,0.92
2045,_%,Oba spola,36,0.94
2045,_%,Oba spola,37,0.93
2045,_%,Oba spola,38,0.89
2045,_%,Oba spola,39,0.89
2045,_%,Oba spola,40,0.91
2045,_%,Oba spola,41,0.9
2045,_%,Oba spola,42,0.92
2045,_%,Oba spola,43,0.93
2045,_%,Oba spola,44,0.96
2045,_%,Oba spola,45,0.99
2045,_%,Oba spola,46,1.02
2045,_%,Oba spola,47,1.13
2045,_%,Oba spola,48,1.26
2045,_%,Oba spola,49,1.35
2045,_%,Oba spola,50,1.39
2045,_%,Oba spola,51,1.23
2045,_%,Oba spola,52,1.07
2045,_%,Oba spola,53,1.27
2045,_%,Oba spola,54,1.44
2045,_%,Oba spola,55,1.43
2045,_%,Oba spola,56,1.44
2045,_%,Oba spola,57,1.53
2045,_%,Oba spola,58,1.54
2045,_%,Oba spola,59,1.55
2045,_%,Oba spola,60,1.6
2045,_%,Oba spola,61,1.64
2045,_%,Oba spola,62,1.63
2045,_%,Oba spola,63,1.66
2045,_%,Oba spola,64,1.65
2045,_%,Oba spola,65,1.65
2045,_%,Oba spola,66,1.63
2045,_%,Oba spola,67,1.63
2045,_%,Oba spola,68,1.62
2045,_%,Oba spola,69,1.68
2045,_%,Oba spola,70,1.61
2045,_%,Oba spola,71,1.57
2045,_%,Oba spola,72,1.53
2045,_%,Oba spola,73,1.54
2045,_%,Oba spola,74,1.5
2045,_%,Oba spola,75,1.37
2045,_%,Oba spola,76,1.43
2045,_%,Oba spola,77,1.39
2045,_%,Oba spola,78,1.37
2045,_%,Oba spola,79,1.36
2045,_%,Oba spola,80,1.33
2045,_%,Oba spola,81,1.23
2045,_%,Oba spola,82,1.18
2045,_%,Oba spola,83,1.13
2045,_%,Oba spola,84,1.05
2045,_%,Oba spola,85,0.97
2045,_%,Oba spola,86,0.86
2045,_%,Oba spola,87,0.78
2045,_%,Oba spola,88,0.64
2045,_%,Oba spola,89,0.59
2045,_%,Oba spola,90,0.5
2045,_%,Oba spola,91,0.44
2045,_%,Oba spola,92,0.35
2045,_%,Oba spola,93,0.3
2045,_%,Oba spola,94,0.2
2045,_%,Oba spola,95,0.17
2045,_%,Oba spola,96,0.13
2045,_%,Oba spola,97,0.09
2045,_%,Oba spola,98,0.07
2045,_%,Oba spola,99,0.04
2045,_%,Oba spola,100,0.03
2045,_%,Oba spola,101,0.02
2045,_%,Oba spola,102,0.01
2045,_%,Oba spola,103,0.01
2045,_%,Oba spola,104,0.01
2045,_%,Oba spola,105,0.0
2045,_%,Oba spola,106,0.0
2045,_%,Oba spola,107,0.0
2045,_%,Oba spola,108,0.0
2045,_%,Oba spola,109,0.0
2045,_%,Oba spola,110,0.0
2045,_%,Oba spola,111,0.0
2045,_%,Oba spola,112,0.0
2045,_%,Oba spola,113,0.0
2045,_%,Oba spola,114,0.0
2045,_%,Oba spola,115,0.0
2045,_%,Oba spola,116,0.0
2045,_%,Oba spola,117,0.0
2045,_%,Oba spola,118,0.0
2045,_%,Oba spola,119,0.0
2045,_%,Oba spola,120+,0.0
2050,Broj,Oba spola,Total,2318700.67
2050,Broj,Oba spola,0,14805.41
2050,Broj,Oba spola,1,14921.28
2050,Broj,Oba spola,2,15071.4
2050,Broj,Oba spola,3,15252.89
2050,Broj,Oba spola,4,15463.96
2050,Broj,Oba spola,5,15698.94
2050,Broj,Oba spola,6,15951.33
2050,Broj,Oba spola,7,16213.94
2050,Broj,Oba spola,8,16481.75
2050,Broj,Oba spola,9,16753.49
2050,Broj,Oba spola,10,17030.37
2050,Broj,Oba spola,11,17297.93
2050,Broj,Oba spola,12,17584.11
2050,Broj,Oba spola,13,17891.94
2050,Broj,Oba spola,14,18222.19
2050,Broj,Oba spola,15,18567.69
2050,Broj,Oba spola,16,18899.94
2050,Broj,Oba spola,17,19183.87
2050,Broj,Oba spola,18,19395.95
2050,Broj,Oba spola,19,19524.66
2050,Broj,Oba spola,20,19577.01
2050,Broj,Oba spola,21,19522.84
2050,Broj,Oba spola,22,19446.54
2050,Broj,Oba spola,23,19368.91
2050,Broj,Oba spola,24,19301.65
2050,Broj,Oba spola,25,19255.56
2050,Broj,Oba spola,26,19240.99
2050,Broj,Oba spola,27,19257.94
2050,Broj,Oba spola,28,19301.44
2050,Broj,Oba spola,29,19369.33
2050,Broj,Oba spola,30,19440.21
2050,Broj,Oba spola,31,19689.73
2050,Broj,Oba spola,32,18974.59
2050,Broj,Oba spola,33,19593.39
2050,Broj,Oba spola,34,19558.95
2050,Broj,Oba spola,35,19195.65
2050,Broj,Oba spola,36,19594.49
2050,Broj,Oba spola,37,19282.28
2050,Broj,Oba spola,38,21965.93
2050,Broj,Oba spola,39,21157.8
2050,Broj,Oba spola,40,21993.0
2050,Broj,Oba spola,41,22511.24
2050,Broj,Oba spola,42,22458.01
2050,Broj,Oba spola,43,21576.2
2050,Broj,Oba spola,44,21620.66
2050,Broj,Oba spola,45,22025.3
2050,Broj,Oba spola,46,21875.9
2050,Broj,Oba spola,47,22419.55
2050,Broj,Oba spola,48,22627.56
2050,Broj,Oba spola,49,23606.22
2050,Broj,Oba spola,50,24367.81
2050,Broj,Oba spola,51,25056.67
2050,Broj,Oba spola,52,27758.14
2050,Broj,Oba spola,53,31040.2
2050,Broj,Oba spola,54,33059.83
2050,Broj,Oba spola,55,34288.35
2050,Broj,Oba spola,56,30370.93
2050,Broj,Oba spola,57,26523.49
2050,Broj,Oba spola,58,31351.64
2050,Broj,Oba spola,59,35435.54
2050,Broj,Oba spola,60,35284.32
2050,Broj,Oba spola,61,35529.21
2050,Broj,Oba spola,62,37764.09
2050,Broj,Oba spola,63,37936.91
2050,Broj,Oba spola,64,38082.07
2050,Broj,Oba spola,65,39107.12
2050,Broj,Oba spola,66,40051.82
2050,Broj,Oba spola,67,39643.79
2050,Broj,Oba spola,68,40064.37
2050,Broj,Oba spola,69,39637.46
2050,Broj,Oba spola,70,39354.75
2050,Broj,Oba spola,71,38575.77
2050,Broj,Oba spola,72,38219.92
2050,Broj,Oba spola,73,37599.3
2050,Broj,Oba spola,74,38471.24
2050,Broj,Oba spola,75,36572.93
2050,Broj,Oba spola,76,35156.88
2050,Broj,Oba spola,77,33881.1
2050,Broj,Oba spola,78,33569.66
2050,Broj,Oba spola,79,32137.9
2050,Broj,Oba spola,80,28780.94
2050,Broj,Oba spola,81,29455.6
2050,Broj,Oba spola,82,28071.81
2050,Broj,Oba spola,83,26951.44
2050,Broj,Oba spola,84,26054.03
2050,Broj,Oba spola,85,24828.47
2050,Broj,Oba spola,86,22215.39
2050,Broj,Oba spola,87,20524.29
2050,Broj,Oba spola,88,18981.14
2050,Broj,Oba spola,89,16898.6
2050,Broj,Oba spola,90,14888.44
2050,Broj,Oba spola,91,12502.86
2050,Broj,Oba spola,92,10841.81
2050,Broj,Oba spola,93,8296.79
2050,Broj,Oba spola,94,7188.16
2050,Broj,Oba spola,95,5673.25
2050,Broj,Oba spola,96,4639.07
2050,Broj,Oba spola,97,3380.88
2050,Broj,Oba spola,98,2623.48
2050,Broj,Oba spola,99,1585.24
2050,Broj,Oba spola,100,1240.79
2050,Broj,Oba spola,101,859.18
2050,Broj,Oba spola,102,522.36
2050,Broj,Oba spola,103,343.46
2050,Broj,Oba spola,104,201.4
2050,Broj,Oba spola,105,101.43
2050,Broj,Oba spola,106,58.19
2050,Broj,Oba spola,107,34.12
2050,Broj,Oba spola,108,19.76
2050,Broj,Oba spola,109,11.5
2050,Broj,Oba spola,110,6.36
2050,Broj,Oba spola,111,2.95
2050,Broj,Oba spola,112,1.36
2050,Broj,Oba spola,113,0.6
2050,Broj,Oba spola,114,0.25
2050,Broj,Oba spola,115,0.1
2050,Broj,Oba spola,116,0.04
2050,Broj,Oba spola,117,0.01
2050,Broj,Oba spola,118,0.01
2050,Broj,Oba spola,119,0.0
2050,Broj,Oba spola,120+,0.0
2050,_%,Oba spola,Total,100.0
2050,_%,Oba spola,0,0.64
2050,_%,Oba spola,1,0.64
2050,_%,Oba spola,2,0.65
2050,_%,Oba spola,3,0.66
2050,_%,Oba spola,4,0.67
2050,_%,Oba spola,5,0.68
2050,_%,Oba spola,6,0.69
2050,_%,Oba spola,7,0.7
2050,_%,Oba spola,8,0.71
2050,_%,Oba spola,9,0.72
2050,_%,Oba spola,10,0.73
2050,_%,Oba spola,11,0.75
2050,_%,Oba spola,12,0.76
2050,_%,Oba spola,13,0.77
2050,_%,Oba spola,14,0.79
2050,_%,Oba spola,15,0.8
2050,_%,Oba spola,16,0.82
2050,_%,Oba spola,17,0.83
2050,_%,Oba spola,18,0.84
2050,_%,Oba spola,19,0.84
2050,_%,Oba spola,20,0.84
2050,_%,Oba spola,21,0.84
2050,_%,Oba spola,22,0.84
2050,_%,Oba spola,23,0.84
2050,_%,Oba spola,24,0.83
2050,_%,Oba spola,25,0.83
2050,_%,Oba spola,26,0.83
2050,_%,Oba spola,27,0.83
2050,_%,Oba spola,28,0.83
2050,_%,Oba spola,29,0.84
2050,_%,Oba spola,30,0.84
2050,_%,Oba spola,31,0.85
2050,_%,Oba spola,32,0.82
2050,_%,Oba spola,33,0.85
2050,_%,Oba spola,34,0.84
2050,_%,Oba spola,35,0.83
2050,_%,Oba spola,36,0.85
2050,_%,Oba spola,37,0.83
2050,_%,Oba spola,38,0.95
2050,_%,Oba spola,39,0.91
2050,_%,Oba spola,40,0.95
2050,_%,Oba spola,41,0.97
2050,_%,Oba spola,42,0.97
2050,_%,Oba spola,43,0.93
2050,_%,Oba spola,44,0.93
2050,_%,Oba spola,45,0.95
2050,_%,Oba spola,46,0.94
2050,_%,Oba spola,47,0.97
2050,_%,Oba spola,48,0.98
2050,_%,Oba spola,49,1.02
2050,_%,Oba spola,50,1.05
2050,_%,Oba spola,51,1.08
2050,_%,Oba spola,52,1.2
2050,_%,Oba spola,53,1.34
2050,_%,Oba spola,54,1.43
2050,_%,Oba spola,55,1.48
2050,_%,Oba spola,56,1.31
2050,_%,Oba spola,57,1.14
2050,_%,Oba spola,58,1.35
2050,_%,Oba spola,59,1.53
2050,_%,Oba spola,60,1.52
2050,_%,Oba spola,61,1.53
2050,_%,Oba spola,62,1.63
2050,_%,Oba spola,63,1.64
2050,_%,Oba spola,64,1.64
2050,_%,Oba spola,65,1.69
2050,_%,Oba spola,66,1.73
2050,_%,Oba spola,67,1.71
2050,_%,Oba spola,68,1.73
2050,_%,Oba spola,69,1.71
2050,_%,Oba spola,70,1.7
2050,_%,Oba spola,71,1.66
2050,_%,Oba spola,72,1.65
2050,_%,Oba spola,73,1.62
2050,_%,Oba spola,74,1.66
2050,_%,Oba spola,75,1.58
2050,_%,Oba spola,76,1.52
2050,_%,Oba spola,77,1.46
2050,_%,Oba spola,78,1.45
2050,_%,Oba spola,79,1.39
2050,_%,Oba spola,80,1.24
2050,_%,Oba spola,81,1.27
2050,_%,Oba spola,82,1.21
2050,_%,Oba spola,83,1.16
2050,_%,Oba spola,84,1.12
2050,_%,Oba spola,85,1.07
2050,_%,Oba spola,86,0.96
2050,_%,Oba spola,87,0.89
2050,_%,Oba spola,88,0.82
2050,_%,Oba spola,89,0.73
2050,_%,Oba spola,90,0.64
2050,_%,Oba spola,91,0.54
2050,_%,Oba spola,92,0.47
2050,_%,Oba spola,93,0.36
2050,_%,Oba spola,94,0.31
2050,_%,Oba spola,95,0.24
2050,_%,Oba spola,96,0.2
2050,_%,Oba spola,97,0.15
2050,_%,Oba spola,98,0.11
2050,_%,Oba spola,99,0.07
2050,_%,Oba spola,100,0.05
2050,_%,Oba spola,101,0.04
2050,_%,Oba spola,102,0.02
2050,_%,Oba spola,103,0.01
2050,_%,Oba spola,104,0.01
2050,_%,Oba spola,105,0.0
2050,_%,Oba spola,106,0.0
2050,_%,Oba spola,107,0.0
2050,_%,Oba spola,108,0.0
2050,_%,Oba spola,109,0.0
2050,_%,Oba spola,110,0.0
2050,_%,Oba spola,111,0.0
2050,_%,Oba spola,112,0.0
2050,_%,Oba spola,113,0.0
2050,_%,Oba spola,114,0.0
2050,_%,Oba spola,115,0.0
2050,_%,Oba spola,116,0.0
2050,_%,Oba spola,117,0.0
2050,_%,Oba spola,118,0.0
2050,_%,Oba spola,119,0.0
2050,_%,Oba spola,120+,0.0
2055,Broj,Oba spola,Total,2123402.2
2055,Broj,Oba spola,0,13378.09
2055,Broj,Oba spola,1,13502.13
2055,Broj,Oba spola,2,13655.56
2055,Broj,Oba spola,3,13835.44
2055,Broj,Oba spola,4,14039.33
2055,Broj,Oba spola,5,14262.36
2055,Broj,Oba spola,6,14495.94
2055,Broj,Oba spola,7,14737.71
2055,Broj,Oba spola,8,14984.3
2055,Broj,Oba spola,9,15233.3
2055,Broj,Oba spola,10,15483.57
2055,Broj,Oba spola,11,15735.44
2055,Broj,Oba spola,12,15989.61
2055,Broj,Oba spola,13,16245.31
2055,Broj,Oba spola,14,16502.95
2055,Broj,Oba spola,15,16760.12
2055,Broj,Oba spola,16,16976.22
2055,Broj,Oba spola,17,17144.62
2055,Broj,Oba spola,18,17248.24
2055,Broj,Oba spola,19,17279.68
2055,Broj,Oba spola,20,17241.95
2055,Broj,Oba spola,21,17158.96
2055,Broj,Oba spola,22,17065.87
2055,Broj,Oba spola,23,16985.88
2055,Broj,Oba spola,24,16931.01
2055,Broj,Oba spola,25,16915.44
2055,Broj,Oba spola,26,16895.34
2055,Broj,Oba spola,27,16921.19
2055,Broj,Oba spola,28,16988.06
2055,Broj,Oba spola,29,17097.34
2055,Broj,Oba spola,30,17245.44
2055,Broj,Oba spola,31,17421.19
2055,Broj,Oba spola,32,17609.57
2055,Broj,Oba spola,33,17800.51
2055,Broj,Oba spola,34,17987.58
2055,Broj,Oba spola,35,18147.55
2055,Broj,Oba spola,36,18487.9
2055,Broj,Oba spola,37,17868.99
2055,Broj,Oba spola,38,18546.39
2055,Broj,Oba spola,39,18574.78
2055,Broj,Oba spola,40,18286.18
2055,Broj,Oba spola,41,18739.58
2055,Broj,Oba spola,42,18432.86
2055,Broj,Oba spola,43,21076.64
2055,Broj,Oba spola,44,20290.94
2055,Broj,Oba spola,45,21154.33
2055,Broj,Oba spola,46,21691.68
2055,Broj,Oba spola,47,21702.99
2055,Broj,Oba spola,48,20914.03
2055,Broj,Oba spola,49,21025.74
2055,Broj,Oba spola,50,21479.29
2055,Broj,Oba spola,51,21382.62
2055,Broj,Oba spola,52,21964.0
2055,Broj,Oba spola,53,22203.1
2055,Broj,Oba spola,54,23188.64
2055,Broj,Oba spola,55,23954.66
2055,Broj,Oba spola,56,24636.85
2055,Broj,Oba spola,57,27262.41
2055,Broj,Oba spola,58,30444.9
2055,Broj,Oba spola,59,32406.83
2055,Broj,Oba spola,60,33633.83
2055,Broj,Oba spola,61,29860.53
2055,Broj,Oba spola,62,26141.84
2055,Broj,Oba spola,63,30783.28
2055,Broj,Oba spola,64,34647.38
2055,Broj,Oba spola,65,34400.11
2055,Broj,Oba spola,66,34518.12
2055,Broj,Oba spola,67,36488.61
2055,Broj,Oba spola,68,36449.76
2055,Broj,Oba spola,69,36368.77
2055,Broj,Oba spola,70,37086.45
2055,Broj,Oba spola,71,37698.54
2055,Broj,Oba spola,72,37015.63
2055,Broj,Oba spola,73,37075.61
2055,Broj,Oba spola,74,36322.87
2055,Broj,Oba spola,75,35679.02
2055,Broj,Oba spola,76,34573.41
2055,Broj,Oba spola,77,33829.7
2055,Broj,Oba spola,78,32838.38
2055,Broj,Oba spola,79,33101.9
2055,Broj,Oba spola,80,30961.02
2055,Broj,Oba spola,81,29229.3
2055,Broj,Oba spola,82,27594.39
2055,Broj,Oba spola,83,26724.81
2055,Broj,Oba spola,84,24955.11
2055,Broj,Oba spola,85,21740.4
2055,Broj,Oba spola,86,21591.14
2055,Broj,Oba spola,87,19916.54
2055,Broj,Oba spola,88,18439.56
2055,Broj,Oba spola,89,17136.39
2055,Broj,Oba spola,90,15634.57
2055,Broj,Oba spola,91,13332.57
2055,Broj,Oba spola,92,11687.68
2055,Broj,Oba spola,93,10202.4
2055,Broj,Oba spola,94,8512.55
2055,Broj,Oba spola,95,6988.58
2055,Broj,Oba spola,96,5451.79
2055,Broj,Oba spola,97,4383.61
2055,Broj,Oba spola,98,3086.62
2055,Broj,Oba spola,99,2451.9
2055,Broj,Oba spola,100,1760.56
2055,Broj,Oba spola,101,1296.08
2055,Broj,Oba spola,102,841.75
2055,Broj,Oba spola,103,577.87
2055,Broj,Oba spola,104,307.31
2055,Broj,Oba spola,105,209.53
2055,Broj,Oba spola,106,124.88
2055,Broj,Oba spola,107,64.29
2055,Broj,Oba spola,108,35.38
2055,Broj,Oba spola,109,17.17
2055,Broj,Oba spola,110,7.12
2055,Broj,Oba spola,111,3.36
2055,Broj,Oba spola,112,1.63
2055,Broj,Oba spola,113,0.79
2055,Broj,Oba spola,114,0.39
2055,Broj,Oba spola,115,0.18
2055,Broj,Oba spola,116,0.07
2055,Broj,Oba spola,117,0.03
2055,Broj,Oba spola,118,0.01
2055,Broj,Oba spola,119,0.0
2055,Broj,Oba spola,120+,0.0
2055,_%,Oba spola,Total,100.0
2055,_%,Oba spola,0,0.63
2055,_%,Oba spola,1,0.64
2055,_%,Oba spola,2,0.64
2055,_%,Oba spola,3,0.65
2055,_%,Oba spola,4,0.66
2055,_%,Oba spola,5,0.67
2055,_%,Oba spola,6,0.68
2055,_%,Oba spola,7,0.69
2055,_%,Oba spola,8,0.71
2055,_%,Oba spola,9,0.72
2055,_%,Oba spola,10,0.73
2055,_%,Oba spola,11,0.74
2055,_%,Oba spola,12,0.75
2055,_%,Oba spola,13,0.77
2055,_%,Oba spola,14,0.78
2055,_%,Oba spola,15,0.79
2055,_%,Oba spola,16,0.8
2055,_%,Oba spola,17,0.81
2055,_%,Oba spola,18,0.81
2055,_%,Oba spola,19,0.81
2055,_%,Oba spola,20,0.81
2055,_%,Oba spola,21,0.81
2055,_%,Oba spola,22,0.8
2055,_%,Oba spola,23,0.8
2055,_%,Oba spola,24,0.8
2055,_%,Oba spola,25,0.8
2055,_%,Oba spola,26,0.8
2055,_%,Oba spola,27,0.8
2055,_%,Oba spola,28,0.8
2055,_%,Oba spola,29,0.81
2055,_%,Oba spola,30,0.81
2055,_%,Oba spola,31,0.82
2055,_%,Oba spola,32,0.83
2055,_%,Oba spola,33,0.84
2055,_%,Oba spola,34,0.85
2055,_%,Oba spola,35,0.85
2055,_%,Oba spola,36,0.87
2055,_%,Oba spola,37,0.84
2055,_%,Oba spola,38,0.87
2055,_%,Oba spola,39,0.87
2055,_%,Oba spola,40,0.86
2055,_%,Oba spola,41,0.88
2055,_%,Oba spola,42,0.87
2055,_%,Oba spola,43,0.99
2055,_%,Oba spola,44,0.96
2055,_%,Oba spola,45,1.0
2055,_%,Oba spola,46,1.02
2055,_%,Oba spola,47,1.02
2055,_%,Oba spola,48,0.98
2055,_%,Oba spola,49,0.99
2055,_%,Oba spola,50,1.01
2055,_%,Oba spola,51,1.01
2055,_%,Oba spola,52,1.03
2055,_%,Oba spola,53,1.05
2055,_%,Oba spola,54,1.09
2055,_%,Oba spola,55,1.13
2055,_%,Oba spola,56,1.16
2055,_%,Oba spola,57,1.28
2055,_%,Oba spola,58,1.43
2055,_%,Oba spola,59,1.53
2055,_%,Oba spola,60,1.58
2055,_%,Oba spola,61,1.41
2055,_%,Oba spola,62,1.23
2055,_%,Oba spola,63,1.45
2055,_%,Oba spola,64,1.63
2055,_%,Oba spola,65,1.62
2055,_%,Oba spola,66,1.63
2055,_%,Oba spola,67,1.72
2055,_%,Oba spola,68,1.72
2055,_%,Oba spola,69,1.71
2055,_%,Oba spola,70,1.75
2055,_%,Oba spola,71,1.78
2055,_%,Oba spola,72,1.74
2055,_%,Oba spola,73,1.75
2055,_%,Oba spola,74,1.71
2055,_%,Oba spola,75,1.68
2055,_%,Oba spola,76,1.63
2055,_%,Oba spola,77,1.59
2055,_%,Oba spola,78,1.55
2055,_%,Oba spola,79,1.56
2055,_%,Oba spola,80,1.46
2055,_%,Oba spola,81,1.38
2055,_%,Oba spola,82,1.3
2055,_%,Oba spola,83,1.26
2055,_%,Oba spola,84,1.18
2055,_%,Oba spola,85,1.02
2055,_%,Oba spola,86,1.02
2055,_%,Oba spola,87,0.94
2055,_%,Oba spola,88,0.87
2055,_%,Oba spola,89,0.81
2055,_%,Oba spola,90,0.74
2055,_%,Oba spola,91,0.63
2055,_%,Oba spola,92,0.55
2055,_%,Oba spola,93,0.48
2055,_%,Oba spola,94,0.4
2055,_%,Oba spola,95,0.33
2055,_%,Oba spola,96,0.26
2055,_%,Oba spola,97,0.21
2055,_%,Oba spola,98,0.15
2055,_%,Oba spola,99,0.12
2055,_%,Oba spola,100,0.08
2055,_%,Oba spola,101,0.06
2055,_%,Oba spola,102,0.04
2055,_%,Oba spola,103,0.03
2055,_%,Oba spola,104,0.01
2055,_%,Oba spola,105,0.01
2055,_%,Oba spola,106,0.01
2055,_%,Oba spola,107,0.0
2055,_%,Oba spola,108,0.0
2055,_%,Oba spola,109,0.0
2055,_%,Oba spola,110,0.0
2055,_%,Oba spola,111,0.0
2055,_%,Oba spola,112,0.0
2055,_%,Oba spola,113,0.0
2055,_%,Oba spola,114,0.0
2055,_%,Oba spola,115,0.0
2055,_%,Oba spola,116,0.0
2055,_%,Oba spola,117,0.0
2055,_%,Oba spola,118,0.0
2055,_%,Oba spola,119,0.0
2055,_%,Oba spola,120+,0.0
2060,Broj,Oba spola,Total,1935400.33
2060,Broj,Oba spola,0,12004.54
2060,Broj,Oba spola,1,12130.32
2060,Broj,Oba spola,2,12285.33
2060,Broj,Oba spola,3,12465.73
2060,Broj,Oba spola,4,12667.76
2060,Broj,Oba spola,5,12885.56
2060,Broj,Oba spola,6,13114.1
2060,Broj,Oba spola,7,13348.95
2060,Broj,Oba spola,8,13586.56
2060,Broj,Oba spola,9,13823.96
2060,Broj,Oba spola,10,14060.31
2060,Broj,Oba spola,11,14293.18
2060,Broj,Oba spola,12,14527.22
2060,Broj,Oba spola,13,14762.81
2060,Broj,Oba spola,14,14999.0
2060,Broj,Oba spola,15,15231.28
2060,Broj,Oba spola,16,15436.16
2060,Broj,Oba spola,17,15583.5
2060,Broj,Oba spola,18,15655.13
2060,Broj,Oba spola,19,15644.96
2060,Broj,Oba spola,20,15561.38
2060,Broj,Oba spola,21,15412.66
2060,Broj,Oba spola,22,15255.08
2060,Broj,Oba spola,23,15111.87
2060,Broj,Oba spola,24,14995.44
2060,Broj,Oba spola,25,14911.56
2060,Broj,Oba spola,26,14867.76
2060,Broj,Oba spola,27,14869.61
2060,Broj,Oba spola,28,14918.73
2060,Broj,Oba spola,29,15017.66
2060,Broj,Oba spola,30,15170.16
2060,Broj,Oba spola,31,15315.94
2060,Broj,Oba spola,32,15490.39
2060,Broj,Oba spola,33,15682.66
2060,Broj,Oba spola,34,15890.16
2060,Broj,Oba spola,35,16111.91
2060,Broj,Oba spola,36,16347.81
2060,Broj,Oba spola,37,16590.58
2060,Broj,Oba spola,38,16830.81
2060,Broj,Oba spola,39,17062.49
2060,Broj,Oba spola,40,17260.88
2060,Broj,Oba spola,41,17649.41
2060,Broj,Oba spola,42,17086.4
2060,Broj,Oba spola,43,17792.34
2060,Broj,Oba spola,44,17860.66
2060,Broj,Oba spola,45,17625.75
2060,Broj,Oba spola,46,18118.0
2060,Broj,Oba spola,47,17822.17
2060,Broj,Oba spola,48,20441.98
2060,Broj,Oba spola,49,19691.55
2060,Broj,Oba spola,50,20590.47
2060,Broj,Oba spola,51,21157.84
2060,Broj,Oba spola,52,21228.72
2060,Broj,Oba spola,53,20513.78
2060,Broj,Oba spola,54,20669.24
2060,Broj,Oba spola,55,21146.57
2060,Broj,Oba spola,56,21078.07
2060,Broj,Oba spola,57,21671.77
2060,Broj,Oba spola,58,21925.5
2060,Broj,Oba spola,59,22904.08
2060,Broj,Oba spola,60,23662.61
2060,Broj,Oba spola,61,24327.72
2060,Broj,Oba spola,62,26854.49
2060,Broj,Oba spola,63,29895.2
2060,Broj,Oba spola,64,31731.02
2060,Broj,Oba spola,65,32851.53
2060,Broj,Oba spola,66,29129.29
2060,Broj,Oba spola,67,25449.33
2060,Broj,Oba spola,68,29733.31
2060,Broj,Oba spola,69,33212.73
2060,Broj,Oba spola,70,32756.21
2060,Broj,Oba spola,71,32644.54
2060,Broj,Oba spola,72,34231.17
2060,Broj,Oba spola,73,33904.13
2060,Broj,Oba spola,74,33522.98
2060,Broj,Oba spola,75,33837.29
2060,Broj,Oba spola,76,34024.35
2060,Broj,Oba spola,77,33025.67
2060,Broj,Oba spola,78,32662.91
2060,Broj,Oba spola,79,31553.97
2060,Broj,Oba spola,80,30524.29
2060,Broj,Oba spola,81,29075.93
2060,Broj,Oba spola,82,27899.31
2060,Broj,Oba spola,83,26510.82
2060,Broj,Oba spola,84,26103.2
2060,Broj,Oba spola,85,23790.82
2060,Broj,Oba spola,86,21837.45
2060,Broj,Oba spola,87,19984.69
2060,Broj,Oba spola,88,18706.57
2060,Broj,Oba spola,89,16823.42
2060,Broj,Oba spola,90,14056.18
2060,Broj,Oba spola,91,13342.14
2060,Broj,Oba spola,92,11706.38
2060,Broj,Oba spola,93,10251.1
2060,Broj,Oba spola,94,8954.74
2060,Broj,Oba spola,95,7632.96
2060,Broj,Oba spola,96,6062.28
2060,Broj,Oba spola,97,4937.72
2060,Broj,Oba spola,98,3980.32
2060,Broj,Oba spola,99,3049.2
2060,Broj,Oba spola,100,2282.48
2060,Broj,Oba spola,101,1605.76
2060,Broj,Oba spola,102,1152.1
2060,Broj,Oba spola,103,719.07
2060,Broj,Oba spola,104,502.74
2060,Broj,Oba spola,105,314.76
2060,Broj,Oba spola,106,199.28
2060,Broj,Oba spola,107,109.48
2060,Broj,Oba spola,108,62.62
2060,Broj,Oba spola,109,27.48
2060,Broj,Oba spola,110,15.33
2060,Broj,Oba spola,111,7.49
2060,Broj,Oba spola,112,3.18
2060,Broj,Oba spola,113,1.46
2060,Broj,Oba spola,114,0.59
2060,Broj,Oba spola,115,0.21
2060,Broj,Oba spola,116,0.08
2060,Broj,Oba spola,117,0.04
2060,Broj,Oba spola,118,0.01
2060,Broj,Oba spola,119,0.01
2060,Broj,Oba spola,120+,0.0
2060,_%,Oba spola,Total,100.0
2060,_%,Oba spola,0,0.62
2060,_%,Oba spola,1,0.63
2060,_%,Oba spola,2,0.63
2060,_%,Oba spola,3,0.64
2060,_%,Oba spola,4,0.65
2060,_%,Oba spola,5,0.67
2060,_%,Oba spola,6,0.68
2060,_%,Oba spola,7,0.69
2060,_%,Oba spola,8,0.7
2060,_%,Oba spola,9,0.71
2060,_%,Oba spola,10,0.73
2060,_%,Oba spola,11,0.74
2060,_%,Oba spola,12,0.75
2060,_%,Oba spola,13,0.76
2060,_%,Oba spola,14,0.77
2060,_%,Oba spola,15,0.79
2060,_%,Oba spola,16,0.8
2060,_%,Oba spola,17,0.81
2060,_%,Oba spola,18,0.81
2060,_%,Oba spola,19,0.81
2060,_%,Oba spola,20,0.8
2060,_%,Oba spola,21,0.8
2060,_%,Oba spola,22,0.79
2060,_%,Oba spola,23,0.78
2060,_%,Oba spola,24,0.77
2060,_%,Oba spola,25,0.77
2060,_%,Oba spola,26,0.77
2060,_%,Oba spola,27,0.77
2060,_%,Oba spola,28,0.77
2060,_%,Oba spola,29,0.78
2060,_%,Oba spola,30,0.78
2060,_%,Oba spola,31,0.79
2060,_%,Oba spola,32,0.8
2060,_%,Oba spola,33,0.81
2060,_%,Oba spola,34,0.82
2060,_%,Oba spola,35,0.83
2060,_%,Oba spola,36,0.84
2060,_%,Oba spola,37,0.86
2060,_%,Oba spola,38,0.87
2060,_%,Oba spola,39,0.88
2060,_%,Oba spola,40,0.89
2060,_%,Oba spola,41,0.91
2060,_%,Oba spola,42,0.88
2060,_%,Oba spola,43,0.92
2060,_%,Oba spola,44,0.92
2060,_%,Oba spola,45,0.91
2060,_%,Oba spola,46,0.94
2060,_%,Oba spola,47,0.92
2060,_%,Oba spola,48,1.06
2060,_%,Oba spola,49,1.02
2060,_%,Oba spola,50,1.06
2060,_%,Oba spola,51,1.09
2060,_%,Oba spola,52,1.1
2060,_%,Oba spola,53,1.06
2060,_%,Oba spola,54,1.07
2060,_%,Oba spola,55,1.09
2060,_%,Oba spola,56,1.09
2060,_%,Oba spola,57,1.12
2060,_%,Oba spola,58,1.13
2060,_%,Oba spola,59,1.18
2060,_%,Oba spola,60,1.22
2060,_%,Oba spola,61,1.26
2060,_%,Oba spola,62,1.39
2060,_%,Oba spola,63,1.54
2060,_%,Oba spola,64,1.64
2060,_%,Oba spola,65,1.7
2060,_%,Oba spola,66,1.51
2060,_%,Oba spola,67,1.31
2060,_%,Oba spola,68,1.54
2060,_%,Oba spola,69,1.72
2060,_%,Oba spola,70,1.69
2060,_%,Oba spola,71,1.69
2060,_%,Oba spola,72,1.77
2060,_%,Oba spola,73,1.75
2060,_%,Oba spola,74,1.73
2060,_%,Oba spola,75,1.75
2060,_%,Oba spola,76,1.76
2060,_%,Oba spola,77,1.71
2060,_%,Oba spola,78,1.69
2060,_%,Oba spola,79,1.63
2060,_%,Oba spola,80,1.58
2060,_%,Oba spola,81,1.5
2060,_%,Oba spola,82,1.44
2060,_%,Oba spola,83,1.37
2060,_%,Oba spola,84,1.35
2060,_%,Oba spola,85,1.23
2060,_%,Oba spola,86,1.13
2060,_%,Oba spola,87,1.03
2060,_%,Oba spola,88,0.97
2060,_%,Oba spola,89,0.87
2060,_%,Oba spola,90,0.73
2060,_%,Oba spola,91,0.69
2060,_%,Oba spola,92,0.6
2060,_%,Oba spola,93,0.53
2060,_%,Oba spola,94,0.46
2060,_%,Oba spola,95,0.39
2060,_%,Oba spola,96,0.31
2060,_%,Oba spola,97,0.26
2060,_%,Oba spola,98,0.21
2060,_%,Oba spola,99,0.16
2060,_%,Oba spola,100,0.12
2060,_%,Oba spola,101,0.08
2060,_%,Oba spola,102,0.06
2060,_%,Oba spola,103,0.04
2060,_%,Oba spola,104,0.03
2060,_%,Oba spola,105,0.02
2060,_%,Oba spola,106,0.01
2060,_%,Oba spola,107,0.01
2060,_%,Oba spola,108,0.0
2060,_%,Oba spola,109,0.0
2060,_%,Oba spola,110,0.0
2060,_%,Oba spola,111,0.0
2060,_%,Oba spola,112,0.0
2060,_%,Oba spola,113,0.0
2060,_%,Oba spola,114,0.0
2060,_%,Oba spola,115,0.0
2060,_%,Oba spola,116,0.0
2060,_%,Oba spola,117,0.0
2060,_%,Oba spola,118,0.0
2060,_%,Oba spola,119,0.0
2060,_%,Oba spola,120+,0.0
2065,Broj,Oba spola,Total,1756780.2
2065,Broj,Oba spola,0,10759.8
2065,Broj,Oba spola,1,10865.76
2065,Broj,Oba spola,2,11001.91
2065,Broj,Oba spola,3,11165.77
2065,Broj,Oba spola,4,11354.92
2065,Broj,Oba spola,5,11563.91
2065,Broj,Oba spola,6,11782.56
2065,Broj,Oba spola,7,12009.86
2065,Broj,Oba spola,8,12241.25
2065,Broj,Oba spola,9,12472.55
2065,Broj,Oba spola,10,12701.52
2065,Broj,Oba spola,11,12928.61
2065,Broj,Oba spola,12,13155.75
2065,Broj,Oba spola,13,13382.79
2065,Broj,Oba spola,14,13608.06
2065,Broj,Oba spola,15,13827.68
2065,Broj,Oba spola,16,14017.6
2065,Broj,Oba spola,17,14154.35
2065,Broj,Oba spola,18,14222.43
2065,Broj,Oba spola,19,14215.08
2065,Broj,Oba spola,20,14137.33
2065,Broj,Oba spola,21,14010.04
2065,Broj,Oba spola,22,13861.57
2065,Broj,Oba spola,23,13711.97
2065,Broj,Oba spola,24,13573.48
2065,Broj,Oba spola,25,13457.28
2065,Broj,Oba spola,26,13356.35
2065,Broj,Oba spola,27,13297.64
2065,Broj,Oba spola,28,13282.73
2065,Broj,Oba spola,29,13314.93
2065,Broj,Oba spola,30,13389.09
2065,Broj,Oba spola,31,13496.5
2065,Broj,Oba spola,32,13631.22
2065,Broj,Oba spola,33,13791.23
2065,Broj,Oba spola,34,13975.44
2065,Broj,Oba spola,35,14191.25
2065,Broj,Oba spola,36,14389.54
2065,Broj,Oba spola,37,14611.1
2065,Broj,Oba spola,38,14844.41
2065,Broj,Oba spola,39,15086.81
2065,Broj,Oba spola,40,15339.51
2065,Broj,Oba spola,41,15603.6
2065,Broj,Oba spola,42,15871.72
2065,Broj,Oba spola,43,16136.24
2065,Broj,Oba spola,44,16395.13
2065,Broj,Oba spola,45,16619.59
2065,Broj,Oba spola,46,17042.49
2065,Broj,Oba spola,47,16527.0
2065,Broj,Oba spola,48,17262.74
2065,Broj,Oba spola,49,17373.25
2065,Broj,Oba spola,50,17193.7
2065,Broj,Oba spola,51,17728.52
2065,Broj,Oba spola,52,17457.33
2065,Broj,Oba spola,53,20055.74
2065,Broj,Oba spola,54,19333.56
2065,Broj,Oba spola,55,20246.59
2065,Broj,Oba spola,56,20823.08
2065,Broj,Oba spola,57,20926.63
2065,Broj,Oba spola,58,20261.46
2065,Broj,Oba spola,59,20442.58
2065,Broj,Oba spola,60,20928.63
2065,Broj,Oba spola,61,20873.61
2065,Broj,Oba spola,62,21452.65
2065,Broj,Oba spola,63,21688.29
2065,Broj,Oba spola,64,22606.3
2065,Broj,Oba spola,65,23286.67
2065,Broj,Oba spola,66,23848.72
2065,Broj,Oba spola,67,26158.28
2065,Broj,Oba spola,68,28920.12
2065,Broj,Oba spola,69,30498.97
2065,Broj,Oba spola,70,31390.33
2065,Broj,Oba spola,71,27675.53
2065,Broj,Oba spola,72,24025.09
2065,Broj,Oba spola,73,27823.65
2065,Broj,Oba spola,74,30792.41
2065,Broj,Oba spola,75,30074.36
2065,Broj,Oba spola,76,29677.43
2065,Broj,Oba spola,77,30776.88
2065,Broj,Oba spola,78,30115.07
2065,Broj,Oba spola,79,29388.81
2065,Broj,Oba spola,80,29233.97
2065,Broj,Oba spola,81,28922.0
2065,Broj,Oba spola,82,27565.61
2065,Broj,Oba spola,83,26718.56
2065,Broj,Oba spola,84,25243.6
2065,Broj,Oba spola,85,23833.31
2065,Broj,Oba spola,86,22105.07
2065,Broj,Oba spola,87,20592.42
2065,Broj,Oba spola,88,18946.03
2065,Broj,Oba spola,89,18002.1
2065,Broj,Oba spola,90,15770.49
2065,Broj,Oba spola,91,13862.23
2065,Broj,Oba spola,92,12089.97
2065,Broj,Oba spola,93,10731.48
2065,Broj,Oba spola,94,9092.04
2065,Broj,Oba spola,95,7105.08
2065,Broj,Oba spola,96,6305.44
2065,Broj,Oba spola,97,5149.53
2065,Broj,Oba spola,98,4172.39
2065,Broj,Oba spola,99,3353.9
2065,Broj,Oba spola,100,2611.17
2065,Broj,Oba spola,101,1872.98
2065,Broj,Oba spola,102,1363.24
2065,Broj,Oba spola,103,974.75
2065,Broj,Oba spola,104,657.66
2065,Broj,Oba spola,105,429.25
2065,Broj,Oba spola,106,259.55
2065,Broj,Oba spola,107,157.23
2065,Broj,Oba spola,108,81.66
2065,Broj,Oba spola,109,46.9
2065,Broj,Oba spola,110,23.95
2065,Broj,Oba spola,111,12.38
2065,Broj,Oba spola,112,5.58
2065,Broj,Oba spola,113,2.64
2065,Broj,Oba spola,114,0.97
2065,Broj,Oba spola,115,0.45
2065,Broj,Oba spola,116,0.19
2065,Broj,Oba spola,117,0.07
2065,Broj,Oba spola,118,0.03
2065,Broj,Oba spola,119,0.01
2065,Broj,Oba spola,120+,0.0
2065,_%,Oba spola,Total,100.0
2065,_%,Oba spola,0,0.61
2065,_%,Oba spola,1,0.62
2065,_%,Oba spola,2,0.63
2065,_%,Oba spola,3,0.64
2065,_%,Oba spola,4,0.65
2065,_%,Oba spola,5,0.66
2065,_%,Oba spola,6,0.67
2065,_%,Oba spola,7,0.68
2065,_%,Oba spola,8,0.7
2065,_%,Oba spola,9,0.71
2065,_%,Oba spola,10,0.72
2065,_%,Oba spola,11,0.74
2065,_%,Oba spola,12,0.75
2065,_%,Oba spola,13,0.76
2065,_%,Oba spola,14,0.77
2065,_%,Oba spola,15,0.79
2065,_%,Oba spola,16,0.8
2065,_%,Oba spola,17,0.81
2065,_%,Oba spola,18,0.81
2065,_%,Oba spola,19,0.81
2065,_%,Oba spola,20,0.8
2065,_%,Oba spola,21,0.8
2065,_%,Oba spola,22,0.79
2065,_%,Oba spola,23,0.78
2065,_%,Oba spola,24,0.77
2065,_%,Oba spola,25,0.77
2065,_%,Oba spola,26,0.76
2065,_%,Oba spola,27,0.76
2065,_%,Oba spola,28,0.76
2065,_%,Oba spola,29,0.76
2065,_%,Oba spola,30,0.76
2065,_%,Oba spola,31,0.77
2065,_%,Oba spola,32,0.78
2065,_%,Oba spola,33,0.79
2065,_%,Oba spola,34,0.8
2065,_%,Oba spola,35,0.81
2065,_%,Oba spola,36,0.82
2065,_%,Oba spola,37,0.83
2065,_%,Oba spola,38,0.84
2065,_%,Oba spola,39,0.86
2065,_%,Oba spola,40,0.87
2065,_%,Oba spola,41,0.89
2065,_%,Oba spola,42,0.9
2065,_%,Oba spola,43,0.92
2065,_%,Oba spola,44,0.93
2065,_%,Oba spola,45,0.95
2065,_%,Oba spola,46,0.97
2065,_%,Oba spola,47,0.94
2065,_%,Oba spola,48,0.98
2065,_%,Oba spola,49,0.99
2065,_%,Oba spola,50,0.98
2065,_%,Oba spola,51,1.01
2065,_%,Oba spola,52,0.99
2065,_%,Oba spola,53,1.14
2065,_%,Oba spola,54,1.1
2065,_%,Oba spola,55,1.15
2065,_%,Oba spola,56,1.19
2065,_%,Oba spola,57,1.19
2065,_%,Oba spola,58,1.15
2065,_%,Oba spola,59,1.16
2065,_%,Oba spola,60,1.19
2065,_%,Oba spola,61,1.19
2065,_%,Oba spola,62,1.22
2065,_%,Oba spola,63,1.23
2065,_%,Oba spola,64,1.29
2065,_%,Oba spola,65,1.33
2065,_%,Oba spola,66,1.36
2065,_%,Oba spola,67,1.49
2065,_%,Oba spola,68,1.65
2065,_%,Oba spola,69,1.74
2065,_%,Oba spola,70,1.79
2065,_%,Oba spola,71,1.58
2065,_%,Oba spola,72,1.37
2065,_%,Oba spola,73,1.58
2065,_%,Oba spola,74,1.75
2065,_%,Oba spola,75,1.71
2065,_%,Oba spola,76,1.69
2065,_%,Oba spola,77,1.75
2065,_%,Oba spola,78,1.71
2065,_%,Oba spola,79,1.67
2065,_%,Oba spola,80,1.66
2065,_%,Oba spola,81,1.65
2065,_%,Oba spola,82,1.57
2065,_%,Oba spola,83,1.52
2065,_%,Oba spola,84,1.44
2065,_%,Oba spola,85,1.36
2065,_%,Oba spola,86,1.26
2065,_%,Oba spola,87,1.17
2065,_%,Oba spola,88,1.08
2065,_%,Oba spola,89,1.02
2065,_%,Oba spola,90,0.9
2065,_%,Oba spola,91,0.79
2065,_%,Oba spola,92,0.69
2065,_%,Oba spola,93,0.61
2065,_%,Oba spola,94,0.52
2065,_%,Oba spola,95,0.4
2065,_%,Oba spola,96,0.36
2065,_%,Oba spola,97,0.29
2065,_%,Oba spola,98,0.24
2065,_%,Oba spola,99,0.19
2065,_%,Oba spola,100,0.15
2065,_%,Oba spola,101,0.11
2065,_%,Oba spola,102,0.08
2065,_%,Oba spola,103,0.06
2065,_%,Oba spola,104,0.04
2065,_%,Oba spola,105,0.02
2065,_%,Oba spola,106,0.01
2065,_%,Oba spola,107,0.01
2065,_%,Oba spola,108,0.0
2065,_%,Oba spola,109,0.0
2065,_%,Oba spola,110,0.0
2065,_%,Oba spola,111,0.0
2065,_%,Oba spola,112,0.0
2065,_%,Oba spola,113,0.0
2065,_%,Oba spola,114,0.0
2065,_%,Oba spola,115,0.0
2065,_%,Oba spola,116,0.0
2065,_%,Oba spola,117,0.0
2065,_%,Oba spola,118,0.0
2065,_%,Oba spola,119,0.0
2065,_%,Oba spola,120+,0.0
2070,Broj,Oba spola,Total,1588914.91
2070,Broj,Oba spola,0,9723.86
2070,Broj,Oba spola,1,9802.3
2070,Broj,Oba spola,2,9907.65
2070,Broj,Oba spola,3,10038.31
2070,Broj,Oba spola,4,10192.71
2070,Broj,Oba spola,5,10366.98
2070,Broj,Oba spola,6,10556.83
2070,Broj,Oba spola,7,10758.2
2070,Broj,Oba spola,8,10967.87
2070,Broj,Oba spola,9,11183.01
2070,Broj,Oba spola,10,11401.5
2070,Broj,Oba spola,11,11618.18
2070,Broj,Oba spola,12,11837.8
2070,Broj,Oba spola,13,12058.85
2070,Broj,Oba spola,14,12278.4
2070,Broj,Oba spola,15,12491.48
2070,Broj,Oba spola,16,12678.95
2070,Broj,Oba spola,17,12817.21
2070,Broj,Oba spola,18,12891.65
2070,Broj,Oba spola,19,12895.24
2070,Broj,Oba spola,20,12832.74
2070,Broj,Oba spola,21,12720.42
2070,Broj,Oba spola,22,12587.85
2070,Broj,Oba spola,23,12454.12
2070,Broj,Oba spola,24,12329.41
2070,Broj,Oba spola,25,12221.16
2070,Broj,Oba spola,26,12136.36
2070,Broj,Oba spola,27,12078.47
2070,Broj,Oba spola,28,12048.84
2070,Broj,Oba spola,29,12050.68
2070,Broj,Oba spola,30,12084.63
2070,Broj,Oba spola,31,12128.46
2070,Broj,Oba spola,32,12197.34
2070,Broj,Oba spola,33,12288.89
2070,Broj,Oba spola,34,12403.76
2070,Broj,Oba spola,35,12539.57
2070,Broj,Oba spola,36,12696.6
2070,Broj,Oba spola,37,12874.64
2070,Broj,Oba spola,38,13071.72
2070,Broj,Oba spola,39,13286.32
2070,Broj,Oba spola,40,13528.55
2070,Broj,Oba spola,41,13751.46
2070,Broj,Oba spola,42,13994.77
2070,Broj,Oba spola,43,14247.73
2070,Broj,Oba spola,44,14510.85
2070,Broj,Oba spola,45,14784.59
2070,Broj,Oba spola,46,15069.09
2070,Broj,Oba spola,47,15360.16
2070,Broj,Oba spola,48,15652.53
2070,Broj,Oba spola,49,15943.85
2070,Broj,Oba spola,50,16201.51
2070,Broj,Oba spola,51,16663.12
2070,Broj,Oba spola,52,16196.06
2070,Broj,Oba spola,53,16955.31
2070,Broj,Oba spola,54,17093.86
2070,Broj,Oba spola,55,16949.48
2070,Broj,Oba spola,56,17503.9
2070,Broj,Oba spola,57,17247.95
2070,Broj,Oba spola,58,19811.0
2070,Broj,Oba spola,59,19114.32
2070,Broj,Oba spola,60,20028.39
2070,Broj,Oba spola,61,20599.67
2070,Broj,Oba spola,62,20709.54
2070,Broj,Oba spola,63,20059.89
2070,Broj,Oba spola,64,20217.94
2070,Broj,Oba spola,65,20648.3
2070,Broj,Oba spola,66,20531.73
2070,Broj,Oba spola,67,21001.64
2070,Broj,Oba spola,68,21122.74
2070,Broj,Oba spola,69,21877.53
2070,Broj,Oba spola,70,22387.85
2070,Broj,Oba spola,71,22771.69
2070,Broj,Oba spola,72,24777.16
2070,Broj,Oba spola,73,27167.61
2070,Broj,Oba spola,74,28409.57
2070,Broj,Oba spola,75,28995.22
2070,Broj,Oba spola,76,25325.54
2070,Broj,Oba spola,77,21769.06
2070,Broj,Oba spola,78,24925.85
2070,Broj,Oba spola,79,27234.15
2070,Broj,Oba spola,80,26226.54
2070,Broj,Oba spola,81,25494.29
2070,Broj,Oba spola,82,25981.98
2070,Broj,Oba spola,83,24936.55
2070,Broj,Oba spola,84,23832.16
2070,Broj,Oba spola,85,23164.71
2070,Broj,Oba spola,86,22346.8
2070,Broj,Oba spola,87,20713.11
2070,Broj,Oba spola,88,19469.48
2070,Broj,Oba spola,89,17776.97
2070,Broj,Oba spola,90,16165.19
2070,Broj,Oba spola,91,14382.45
2070,Broj,Oba spola,92,12792.79
2070,Broj,Oba spola,93,11181.96
2070,Broj,Oba spola,94,10032.08
2070,Broj,Oba spola,95,8242.09
2070,Broj,Oba spola,96,6781.19
2070,Broj,Oba spola,97,5516.77
2070,Broj,Oba spola,98,4540.86
2070,Broj,Oba spola,99,3545.85
2070,Broj,Oba spola,100,2534.53
2070,Broj,Oba spola,101,2034.44
2070,Broj,Oba spola,102,1486.19
2070,Broj,Oba spola,103,1069.23
2070,Broj,Oba spola,104,757.2
2070,Broj,Oba spola,105,514.12
2070,Broj,Oba spola,106,316.73
2070,Broj,Oba spola,107,194.41
2070,Broj,Oba spola,108,115.33
2070,Broj,Oba spola,109,63.72
2070,Broj,Oba spola,110,33.79
2070,Broj,Oba spola,111,16.61
2070,Broj,Oba spola,112,8.23
2070,Broj,Oba spola,113,3.52
2070,Broj,Oba spola,114,1.68
2070,Broj,Oba spola,115,0.72
2070,Broj,Oba spola,116,0.32
2070,Broj,Oba spola,117,0.12
2070,Broj,Oba spola,118,0.05
2070,Broj,Oba spola,119,0.02
2070,Broj,Oba spola,120+,0.01
2070,_%,Oba spola,Total,100.0
2070,_%,Oba spola,0,0.61
2070,_%,Oba spola,1,0.62
2070,_%,Oba spola,2,0.62
2070,_%,Oba spola,3,0.63
2070,_%,Oba spola,4,0.64
2070,_%,Oba spola,5,0.65
2070,_%,Oba spola,6,0.66
2070,_%,Oba spola,7,0.68
2070,_%,Oba spola,8,0.69
2070,_%,Oba spola,9,0.7
2070,_%,Oba spola,10,0.72
2070,_%,Oba spola,11,0.73
2070,_%,Oba spola,12,0.75
2070,_%,Oba spola,13,0.76
2070,_%,Oba spola,14,0.77
2070,_%,Oba spola,15,0.79
2070,_%,Oba spola,16,0.8
2070,_%,Oba spola,17,0.81
2070,_%,Oba spola,18,0.81
2070,_%,Oba spola,19,0.81
2070,_%,Oba spola,20,0.81
2070,_%,Oba spola,21,0.8
2070,_%,Oba spola,22,0.79
2070,_%,Oba spola,23,0.78
2070,_%,Oba spola,24,0.78
2070,_%,Oba spola,25,0.77
2070,_%,Oba spola,26,0.76
2070,_%,Oba spola,27,0.76
2070,_%,Oba spola,28,0.76
2070,_%,Oba spola,29,0.76
2070,_%,Oba spola,30,0.76
2070,_%,Oba spola,31,0.76
2070,_%,Oba spola,32,0.77
2070,_%,Oba spola,33,0.77
2070,_%,Oba spola,34,0.78
2070,_%,Oba spola,35,0.79
2070,_%,Oba spola,36,0.8
2070,_%,Oba spola,37,0.81
2070,_%,Oba spola,38,0.82
2070,_%,Oba spola,39,0.84
2070,_%,Oba spola,40,0.85
2070,_%,Oba spola,41,0.87
2070,_%,Oba spola,42,0.88
2070,_%,Oba spola,43,0.9
2070,_%,Oba spola,44,0.91
2070,_%,Oba spola,45,0.93
2070,_%,Oba spola,46,0.95
2070,_%,Oba spola,47,0.97
2070,_%,Oba spola,48,0.99
2070,_%,Oba spola,49,1.0
2070,_%,Oba spola,50,1.02
2070,_%,Oba spola,51,1.05
2070,_%,Oba spola,52,1.02
2070,_%,Oba spola,53,1.07
2070,_%,Oba spola,54,1.08
2070,_%,Oba spola,55,1.07
2070,_%,Oba spola,56,1.1
2070,_%,Oba spola,57,1.09
2070,_%,Oba spola,58,1.25
2070,_%,Oba spola,59,1.2
2070,_%,Oba spola,60,1.26
2070,_%,Oba spola,61,1.3
2070,_%,Oba spola,62,1.3
2070,_%,Oba spola,63,1.26
2070,_%,Oba spola,64,1.27
2070,_%,Oba spola,65,1.3
2070,_%,Oba spola,66,1.29
2070,_%,Oba spola,67,1.32
2070,_%,Oba spola,68,1.33
2070,_%,Oba spola,69,1.38
2070,_%,Oba spola,70,1.41
2070,_%,Oba spola,71,1.43
2070,_%,Oba spola,72,1.56
2070,_%,Oba spola,73,1.71
2070,_%,Oba spola,74,1.79
2070,_%,Oba spola,75,1.82
2070,_%,Oba spola,76,1.59
2070,_%,Oba spola,77,1.37
2070,_%,Oba spola,78,1.57
2070,_%,Oba spola,79,1.71
2070,_%,Oba spola,80,1.65
2070,_%,Oba spola,81,1.6
2070,_%,Oba spola,82,1.64
2070,_%,Oba spola,83,1.57
2070,_%,Oba spola,84,1.5
2070,_%,Oba spola,85,1.46
2070,_%,Oba spola,86,1.41
2070,_%,Oba spola,87,1.3
2070,_%,Oba spola,88,1.23
2070,_%,Oba spola,89,1.12
2070,_%,Oba spola,90,1.02
2070,_%,Oba spola,91,0.91
2070,_%,Oba spola,92,0.81
2070,_%,Oba spola,93,0.7
2070,_%,Oba spola,94,0.63
2070,_%,Oba spola,95,0.52
2070,_%,Oba spola,96,0.43
2070,_%,Oba spola,97,0.35
2070,_%,Oba spola,98,0.29
2070,_%,Oba spola,99,0.22
2070,_%,Oba spola,100,0.16
2070,_%,Oba spola,101,0.13
2070,_%,Oba spola,102,0.09
2070,_%,Oba spola,103,0.07
2070,_%,Oba spola,104,0.05
2070,_%,Oba spola,105,0.03
2070,_%,Oba spola,106,0.02
2070,_%,Oba spola,107,0.01
2070,_%,Oba spola,108,0.01
2070,_%,Oba spola,109,0.0
2070,_%,Oba spola,110,0.0
2070,_%,Oba spola,111,0.0
2070,_%,Oba spola,112,0.0
2070,_%,Oba spola,113,0.0
2070,_%,Oba spola,114,0.0
2070,_%,Oba spola,115,0.0
2070,_%,Oba spola,116,0.0
2070,_%,Oba spola,117,0.0
2070,_%,Oba spola,118,0.0
2070,_%,Oba spola,119,0.0
2070,_%,Oba spola,120+,0.0
2018,Broj,Muškarci,Total,1714253.0
2018,Broj,Muškarci,0,15185.0
2018,Broj,Muškarci,1,15566.0
2018,Broj,Muškarci,2,15600.0
2018,Broj,Muškarci,3,15199.0
2018,Broj,Muškarci,4,15510.0
2018,Broj,Muškarci,5,15722.0
2018,Broj,Muškarci,6,17539.0
2018,Broj,Muškarci,7,17598.0
2018,Broj,Muškarci,8,18238.0
2018,Broj,Muškarci,9,18894.0
2018,Broj,Muškarci,10,18709.0
2018,Broj,Muškarci,11,18004.0
2018,Broj,Muškarci,12,17853.0
2018,Broj,Muškarci,13,18128.0
2018,Broj,Muškarci,14,18168.0
2018,Broj,Muškarci,15,18731.0
2018,Broj,Muškarci,16,18869.0
2018,Broj,Muškarci,17,19575.0
2018,Broj,Muškarci,18,20057.0
2018,Broj,Muškarci,19,20503.0
2018,Broj,Muškarci,20,22858.0
2018,Broj,Muškarci,21,25584.0
2018,Broj,Muškarci,22,26925.0
2018,Broj,Muškarci,23,26372.0
2018,Broj,Muškarci,24,22903.0
2018,Broj,Muškarci,25,19594.0
2018,Broj,Muškarci,26,22107.0
2018,Broj,Muškarci,27,24774.0
2018,Broj,Muškarci,28,24771.0
2018,Broj,Muškarci,29,24260.0
2018,Broj,Muškarci,30,25510.0
2018,Broj,Muškarci,31,25615.0
2018,Broj,Muškarci,32,25336.0
2018,Broj,Muškarci,33,25860.0
2018,Broj,Muškarci,34,26292.0
2018,Broj,Muškarci,35,25890.0
2018,Broj,Muškarci,36,26058.0
2018,Broj,Muškarci,37,25768.0
2018,Broj,Muškarci,38,25543.0
2018,Broj,Muškarci,39,25062.0
2018,Broj,Muškarci,40,25202.0
2018,Broj,Muškarci,41,24941.0
2018,Broj,Muškarci,42,25919.0
2018,Broj,Muškarci,43,25040.0
2018,Broj,Muškarci,44,24396.0
2018,Broj,Muškarci,45,24109.0
2018,Broj,Muškarci,46,24682.0
2018,Broj,Muškarci,47,24406.0
2018,Broj,Muškarci,48,22580.0
2018,Broj,Muškarci,49,24537.0
2018,Broj,Muškarci,50,24301.0
2018,Broj,Muškarci,51,24994.0
2018,Broj,Muškarci,52,25551.0
2018,Broj,Muškarci,53,26286.0
2018,Broj,Muškarci,54,25554.0
2018,Broj,Muškarci,55,25876.0
2018,Broj,Muškarci,56,26318.0
2018,Broj,Muškarci,57,26260.0
2018,Broj,Muškarci,58,26055.0
2018,Broj,Muškarci,59,25161.0
2018,Broj,Muškarci,60,25059.0
2018,Broj,Muškarci,61,22769.0
2018,Broj,Muškarci,62,23803.0
2018,Broj,Muškarci,63,23008.0
2018,Broj,Muškarci,64,23444.0
2018,Broj,Muškarci,65,21502.0
2018,Broj,Muškarci,66,20977.0
2018,Broj,Muškarci,67,17088.0
2018,Broj,Muškarci,68,17704.0
2018,Broj,Muškarci,69,17104.0
2018,Broj,Muškarci,70,14484.0
2018,Broj,Muškarci,71,14154.0
2018,Broj,Muškarci,72,12408.0
2018,Broj,Muškarci,73,9595.0
2018,Broj,Muškarci,74,8834.0
2018,Broj,Muškarci,75,8551.0
2018,Broj,Muškarci,76,8772.0
2018,Broj,Muškarci,77,9221.0
2018,Broj,Muškarci,78,9571.0
2018,Broj,Muškarci,79,8548.0
2018,Broj,Muškarci,80,7738.0
2018,Broj,Muškarci,81,6967.0
2018,Broj,Muškarci,82,6060.0
2018,Broj,Muškarci,83,5174.0
2018,Broj,Muškarci,84,4247.0
2018,Broj,Muškarci,85,3535.0
2018,Broj,Muškarci,86,2882.0
2018,Broj,Muškarci,87,2099.0
2018,Broj,Muškarci,88,1855.0
2018,Broj,Muškarci,89,1304.0
2018,Broj,Muškarci,90,1067.0
2018,Broj,Muškarci,91,616.0
2018,Broj,Muškarci,92,413.0
2018,Broj,Muškarci,93,266.0
2018,Broj,Muškarci,94,180.0
2018,Broj,Muškarci,95,114.0
2018,Broj,Muškarci,96,60.0
2018,Broj,Muškarci,97,34.0
2018,Broj,Muškarci,98,30.0
2018,Broj,Muškarci,99,33.0
2018,Broj,Muškarci,100,40.0
2018,Broj,Muškarci,101,21.0
2018,Broj,Muškarci,102,10.0
2018,Broj,Muškarci,103,6.0
2018,Broj,Muškarci,104,4.0
2018,Broj,Muškarci,105,2.0
2018,Broj,Muškarci,106,1.0
2018,Broj,Muškarci,107,1.0
2018,Broj,Muškarci,108,0.0
2018,Broj,Muškarci,109,0.0
2018,Broj,Muškarci,110,0.0
2018,Broj,Muškarci,111,0.0
2018,Broj,Muškarci,112,0.0
2018,Broj,Muškarci,113,0.0
2018,Broj,Muškarci,114,0.0
2018,Broj,Muškarci,115,0.0
2018,Broj,Muškarci,116,0.0
2018,Broj,Muškarci,117,0.0
2018,Broj,Muškarci,118,0.0
2018,Broj,Muškarci,119,0.0
2018,Broj,Muškarci,120+,0.0
2018,_%,Muškarci,Total,100.0
2018,_%,Muškarci,0,0.89
2018,_%,Muškarci,1,0.91
2018,_%,Muškarci,2,0.91
2018,_%,Muškarci,3,0.89
2018,_%,Muškarci,4,0.9
2018,_%,Muškarci,5,0.92
2018,_%,Muškarci,6,1.02
2018,_%,Muškarci,7,1.03
2018,_%,Muškarci,8,1.06
2018,_%,Muškarci,9,1.1
2018,_%,Muškarci,10,1.09
2018,_%,Muškarci,11,1.05
2018,_%,Muškarci,12,1.04
2018,_%,Muškarci,13,1.06
2018,_%,Muškarci,14,1.06
2018,_%,Muškarci,15,1.09
2018,_%,Muškarci,16,1.1
2018,_%,Muškarci,17,1.14
2018,_%,Muškarci,18,1.17
2018,_%,Muškarci,19,1.2
2018,_%,Muškarci,20,1.33
2018,_%,Muškarci,21,1.49
2018,_%,Muškarci,22,1.57
2018,_%,Muškarci,23,1.54
2018,_%,Muškarci,24,1.34
2018,_%,Muškarci,25,1.14
2018,_%,Muškarci,26,1.29
2018,_%,Muškarci,27,1.45
2018,_%,Muškarci,28,1.45
2018,_%,Muškarci,29,1.42
2018,_%,Muškarci,30,1.49
2018,_%,Muškarci,31,1.49
2018,_%,Muškarci,32,1.48
2018,_%,Muškarci,33,1.51
2018,_%,Muškarci,34,1.53
2018,_%,Muškarci,35,1.51
2018,_%,Muškarci,36,1.52
2018,_%,Muškarci,37,1.5
2018,_%,Muškarci,38,1.49
2018,_%,Muškarci,39,1.46
2018,_%,Muškarci,40,1.47
2018,_%,Muškarci,41,1.45
2018,_%,Muškarci,42,1.51
2018,_%,Muškarci,43,1.46
2018,_%,Muškarci,44,1.42
2018,_%,Muškarci,45,1.41
2018,_%,Muškarci,46,1.44
2018,_%,Muškarci,47,1.42
2018,_%,Muškarci,48,1.32
2018,_%,Muškarci,49,1.43
2018,_%,Muškarci,50,1.42
2018,_%,Muškarci,51,1.46
2018,_%,Muškarci,52,1.49
2018,_%,Muškarci,53,1.53
2018,_%,Muškarci,54,1.49
2018,_%,Muškarci,55,1.51
2018,_%,Muškarci,56,1.54
2018,_%,Muškarci,57,1.53
2018,_%,Muškarci,58,1.52
2018,_%,Muškarci,59,1.47
2018,_%,Muškarci,60,1.46
2018,_%,Muškarci,61,1.33
2018,_%,Muškarci,62,1.39
2018,_%,Muškarci,63,1.34
2018,_%,Muškarci,64,1.37
2018,_%,Muškarci,65,1.25
2018,_%,Muškarci,66,1.22
2018,_%,Muškarci,67,1.0
2018,_%,Muškarci,68,1.03
2018,_%,Muškarci,69,1.0
2018,_%,Muškarci,70,0.84
2018,_%,Muškarci,71,0.83
2018,_%,Muškarci,72,0.72
2018,_%,Muškarci,73,0.56
2018,_%,Muškarci,74,0.52
2018,_%,Muškarci,75,0.5
2018,_%,Muškarci,76,0.51
2018,_%,Muškarci,77,0.54
2018,_%,Muškarci,78,0.56
2018,_%,Muškarci,79,0.5
2018,_%,Muškarci,80,0.45
2018,_%,Muškarci,81,0.41
2018,_%,Muškarci,82,0.35
2018,_%,Muškarci,83,0.3
2018,_%,Muškarci,84,0.25
2018,_%,Muškarci,85,0.21
2018,_%,Muškarci,86,0.17
2018,_%,Muškarci,87,0.12
2018,_%,Muškarci,88,0.11
2018,_%,Muškarci,89,0.08
2018,_%,Muškarci,90,0.06
2018,_%,Muškarci,91,0.04
2018,_%,Muškarci,92,0.02
2018,_%,Muškarci,93,0.02
2018,_%,Muškarci,94,0.01
2018,_%,Muškarci,95,0.01
2018,_%,Muškarci,96,0.0
2018,_%,Muškarci,97,0.0
2018,_%,Muškarci,98,0.0
2018,_%,Muškarci,99,0.0
2018,_%,Muškarci,100,0.0
2018,_%,Muškarci,101,0.0
2018,_%,Muškarci,102,0.0
2018,_%,Muškarci,103,0.0
2018,_%,Muškarci,104,0.0
2018,_%,Muškarci,105,0.0
2018,_%,Muškarci,106,0.0
2018,_%,Muškarci,107,0.0
2018,_%,Muškarci,108,0.0
2018,_%,Muškarci,109,0.0
2018,_%,Muškarci,110,0.0
2018,_%,Muškarci,111,0.0
2018,_%,Muškarci,112,0.0
2018,_%,Muškarci,113,0.0
2018,_%,Muškarci,114,0.0
2018,_%,Muškarci,115,0.0
2018,_%,Muškarci,116,0.0
2018,_%,Muškarci,117,0.0
2018,_%,Muškarci,118,0.0
2018,_%,Muškarci,119,0.0
2018,_%,Muškarci,120+,0.0
2020,Broj,Muškarci,Total,1676817.35
2020,Broj,Muškarci,0,15002.35
2020,Broj,Muškarci,1,15151.09
2020,Broj,Muškarci,2,14871.36
2020,Broj,Muškarci,3,15314.4
2020,Broj,Muškarci,4,15404.83
2020,Broj,Muškarci,5,15057.31
2020,Broj,Muškarci,6,15404.36
2020,Broj,Muškarci,7,15628.35
2020,Broj,Muškarci,8,17437.35
2020,Broj,Muškarci,9,17484.11
2020,Broj,Muškarci,10,18108.38
2020,Broj,Muškarci,11,18750.99
2020,Broj,Muškarci,12,18569.43
2020,Broj,Muškarci,13,17878.59
2020,Broj,Muškarci,14,17733.47
2020,Broj,Muškarci,15,17995.87
2020,Broj,Muškarci,16,17986.23
2020,Broj,Muškarci,17,18433.76
2020,Broj,Muškarci,18,18386.82
2020,Broj,Muškarci,19,18849.94
2020,Broj,Muškarci,20,19064.06
2020,Broj,Muškarci,21,19231.95
2020,Broj,Muškarci,22,21280.12
2020,Broj,Muškarci,23,23739.96
2020,Broj,Muškarci,24,24970.77
2020,Broj,Muškarci,25,24536.87
2020,Broj,Muškarci,26,21389.24
2020,Broj,Muškarci,27,18327.44
2020,Broj,Muškarci,28,20815.03
2020,Broj,Muškarci,29,23405.02
2020,Broj,Muškarci,30,23465.62
2020,Broj,Muškarci,31,23058.4
2020,Broj,Muškarci,32,24360.68
2020,Broj,Muškarci,33,24514.26
2020,Broj,Muškarci,34,24287.78
2020,Broj,Muškarci,35,24833.44
2020,Broj,Muškarci,36,25286.8
2020,Broj,Muškarci,37,24930.23
2020,Broj,Muškarci,38,25146.21
2020,Broj,Muškarci,39,24901.86
2020,Broj,Muškarci,40,24730.27
2020,Broj,Muškarci,41,24312.87
2020,Broj,Muškarci,42,24509.15
2020,Broj,Muškarci,43,24284.71
2020,Broj,Muškarci,44,25286.93
2020,Broj,Muškarci,45,24454.29
2020,Broj,Muškarci,46,23858.25
2020,Broj,Muškarci,47,23599.88
2020,Broj,Muškarci,48,24190.08
2020,Broj,Muškarci,49,23959.19
2020,Broj,Muškarci,50,22192.23
2020,Broj,Muškarci,51,24143.78
2020,Broj,Muškarci,52,23909.05
2020,Broj,Muškarci,53,24593.92
2020,Broj,Muškarci,54,25140.55
2020,Broj,Muškarci,55,25868.43
2020,Broj,Muškarci,56,25155.39
2020,Broj,Muškarci,57,25473.18
2020,Broj,Muškarci,58,25899.49
2020,Broj,Muškarci,59,25835.39
2020,Broj,Muškarci,60,25629.14
2020,Broj,Muškarci,61,24742.57
2020,Broj,Muškarci,62,24611.91
2020,Broj,Muškarci,63,22350.05
2020,Broj,Muškarci,64,23287.1
2020,Broj,Muškarci,65,22441.21
2020,Broj,Muškarci,66,22764.74
2020,Broj,Muškarci,67,20800.52
2020,Broj,Muškarci,68,20191.18
2020,Broj,Muškarci,69,16397.5
2020,Broj,Muškarci,70,16869.51
2020,Broj,Muškarci,71,16173.59
2020,Broj,Muškarci,72,13577.26
2020,Broj,Muškarci,73,13123.21
2020,Broj,Muškarci,74,11396.47
2020,Broj,Muškarci,75,8742.64
2020,Broj,Muškarci,76,7977.6
2020,Broj,Muškarci,77,7652.59
2020,Broj,Muškarci,78,7761.09
2020,Broj,Muškarci,79,8045.65
2020,Broj,Muškarci,80,8231.47
2020,Broj,Muškarci,81,7239.14
2020,Broj,Muškarci,82,6436.41
2020,Broj,Muškarci,83,5685.86
2020,Broj,Muškarci,84,4849.6
2020,Broj,Muškarci,85,4057.6
2020,Broj,Muškarci,86,3255.96
2020,Broj,Muškarci,87,2644.44
2020,Broj,Muškarci,88,2102.76
2020,Broj,Muškarci,89,1489.35
2020,Broj,Muškarci,90,1276.84
2020,Broj,Muškarci,91,870.55
2020,Broj,Muškarci,92,689.81
2020,Broj,Muškarci,93,384.95
2020,Broj,Muškarci,94,249.13
2020,Broj,Muškarci,95,154.55
2020,Broj,Muškarci,96,100.39
2020,Broj,Muškarci,97,60.93
2020,Broj,Muškarci,98,30.71
2020,Broj,Muškarci,99,16.65
2020,Broj,Muškarci,100,14.03
2020,Broj,Muškarci,101,14.72
2020,Broj,Muškarci,102,17.01
2020,Broj,Muškarci,103,8.5
2020,Broj,Muškarci,104,3.85
2020,Broj,Muškarci,105,2.2
2020,Broj,Muškarci,106,1.39
2020,Broj,Muškarci,107,0.66
2020,Broj,Muškarci,108,0.32
2020,Broj,Muškarci,109,0.3
2020,Broj,Muškarci,110,0.0
2020,Broj,Muškarci,111,0.0
2020,Broj,Muškarci,112,0.0
2020,Broj,Muškarci,113,0.0
2020,Broj,Muškarci,114,0.0
2020,Broj,Muškarci,115,0.0
2020,Broj,Muškarci,116,0.0
2020,Broj,Muškarci,117,0.0
2020,Broj,Muškarci,118,0.0
2020,Broj,Muškarci,119,0.0
2020,Broj,Muškarci,120+,0.0
2020,_%,Muškarci,Total,100.0
2020,_%,Muškarci,0,0.89
2020,_%,Muškarci,1,0.9
2020,_%,Muškarci,2,0.89
2020,_%,Muškarci,3,0.91
2020,_%,Muškarci,4,0.92
2020,_%,Muškarci,5,0.9
2020,_%,Muškarci,6,0.92
2020,_%,Muškarci,7,0.93
2020,_%,Muškarci,8,1.04
2020,_%,Muškarci,9,1.04
2020,_%,Muškarci,10,1.08
2020,_%,Muškarci,11,1.12
2020,_%,Muškarci,12,1.11
2020,_%,Muškarci,13,1.07
2020,_%,Muškarci,14,1.06
2020,_%,Muškarci,15,1.07
2020,_%,Muškarci,16,1.07
2020,_%,Muškarci,17,1.1
2020,_%,Muškarci,18,1.1
2020,_%,Muškarci,19,1.12
2020,_%,Muškarci,20,1.14
2020,_%,Muškarci,21,1.15
2020,_%,Muškarci,22,1.27
2020,_%,Muškarci,23,1.42
2020,_%,Muškarci,24,1.49
2020,_%,Muškarci,25,1.46
2020,_%,Muškarci,26,1.28
2020,_%,Muškarci,27,1.09
2020,_%,Muškarci,28,1.24
2020,_%,Muškarci,29,1.4
2020,_%,Muškarci,30,1.4
2020,_%,Muškarci,31,1.38
2020,_%,Muškarci,32,1.45
2020,_%,Muškarci,33,1.46
2020,_%,Muškarci,34,1.45
2020,_%,Muškarci,35,1.48
2020,_%,Muškarci,36,1.51
2020,_%,Muškarci,37,1.49
2020,_%,Muškarci,38,1.5
2020,_%,Muškarci,39,1.49
2020,_%,Muškarci,40,1.47
2020,_%,Muškarci,41,1.45
2020,_%,Muškarci,42,1.46
2020,_%,Muškarci,43,1.45
2020,_%,Muškarci,44,1.51
2020,_%,Muškarci,45,1.46
2020,_%,Muškarci,46,1.42
2020,_%,Muškarci,47,1.41
2020,_%,Muškarci,48,1.44
2020,_%,Muškarci,49,1.43
2020,_%,Muškarci,50,1.32
2020,_%,Muškarci,51,1.44
2020,_%,Muškarci,52,1.43
2020,_%,Muškarci,53,1.47
2020,_%,Muškarci,54,1.5
2020,_%,Muškarci,55,1.54
2020,_%,Muškarci,56,1.5
2020,_%,Muškarci,57,1.52
2020,_%,Muškarci,58,1.54
2020,_%,Muškarci,59,1.54
2020,_%,Muškarci,60,1.53
2020,_%,Muškarci,61,1.48
2020,_%,Muškarci,62,1.47
2020,_%,Muškarci,63,1.33
2020,_%,Muškarci,64,1.39
2020,_%,Muškarci,65,1.34
2020,_%,Muškarci,66,1.36
2020,_%,Muškarci,67,1.24
2020,_%,Muškarci,68,1.2
2020,_%,Muškarci,69,0.98
2020,_%,Muškarci,70,1.01
2020,_%,Muškarci,71,0.96
2020,_%,Muškarci,72,0.81
2020,_%,Muškarci,73,0.78
2020,_%,Muškarci,74,0.68
2020,_%,Muškarci,75,0.52
2020,_%,Muškarci,76,0.48
2020,_%,Muškarci,77,0.46
2020,_%,Muškarci,78,0.46
2020,_%,Muškarci,79,0.48
2020,_%,Muškarci,80,0.49
2020,_%,Muškarci,81,0.43
2020,_%,Muškarci,82,0.38
2020,_%,Muškarci,83,0.34
2020,_%,Muškarci,84,0.29
2020,_%,Muškarci,85,0.24
2020,_%,Muškarci,86,0.19
2020,_%,Muškarci,87,0.16
2020,_%,Muškarci,88,0.13
2020,_%,Muškarci,89,0.09
2020,_%,Muškarci,90,0.08
2020,_%,Muškarci,91,0.05
2020,_%,Muškarci,92,0.04
2020,_%,Muškarci,93,0.02
2020,_%,Muškarci,94,0.01
2020,_%,Muškarci,95,0.01
2020,_%,Muškarci,96,0.01
2020,_%,Muškarci,97,0.0
2020,_%,Muškarci,98,0.0
2020,_%,Muškarci,99,0.0
2020,_%,Muškarci,100,0.0
2020,_%,Muškarci,101,0.0
2020,_%,Muškarci,102,0.0
2020,_%,Muškarci,103,0.0
2020,_%,Muškarci,104,0.0
2020,_%,Muškarci,105,0.0
2020,_%,Muškarci,106,0.0
2020,_%,Muškarci,107,0.0
2020,_%,Muškarci,108,0.0
2020,_%,Muškarci,109,0.0
2020,_%,Muškarci,110,0.0
2020,_%,Muškarci,111,0.0
2020,_%,Muškarci,112,0.0
2020,_%,Muškarci,113,0.0
2020,_%,Muškarci,114,0.0
2020,_%,Muškarci,115,0.0
2020,_%,Muškarci,116,0.0
2020,_%,Muškarci,117,0.0
2020,_%,Muškarci,118,0.0
2020,_%,Muškarci,119,0.0
2020,_%,Muškarci,120+,0.0
2025,Broj,Muškarci,Total,1582100.1
2025,Broj,Muškarci,0,13271.39
2025,Broj,Muškarci,1,13473.78
2025,Broj,Muškarci,2,13701.52
2025,Broj,Muškarci,3,13941.27
2025,Broj,Muškarci,4,14186.63
2025,Broj,Muškarci,5,14430.99
2025,Broj,Muškarci,6,14697.41
2025,Broj,Muškarci,7,14513.23
2025,Broj,Muškarci,8,15019.25
2025,Broj,Muškarci,9,15150.93
2025,Broj,Muškarci,10,14828.13
2025,Broj,Muškarci,11,15173.23
2025,Broj,Muškarci,12,15363.88
2025,Broj,Muškarci,13,17122.98
2025,Broj,Muškarci,14,17139.09
2025,Broj,Muškarci,15,17732.15
2025,Broj,Muškarci,16,18310.58
2025,Broj,Muškarci,17,18021.48
2025,Broj,Muškarci,18,17151.79
2025,Broj,Muškarci,19,16713.08
2025,Broj,Muškarci,20,16573.21
2025,Broj,Muškarci,21,16115.29
2025,Broj,Muškarci,22,16143.26
2025,Broj,Muškarci,23,15770.36
2025,Broj,Muškarci,24,16006.74
2025,Broj,Muškarci,25,16110.22
2025,Broj,Muškarci,26,16170.7
2025,Broj,Muškarci,27,17929.54
2025,Broj,Muškarci,28,20061.61
2025,Broj,Muškarci,29,21219.96
2025,Broj,Muškarci,30,21126.78
2025,Broj,Muškarci,31,18663.45
2025,Broj,Muškarci,32,16110.82
2025,Broj,Muškarci,33,18566.14
2025,Broj,Muškarci,34,20984.08
2025,Broj,Muškarci,35,21090.39
2025,Broj,Muškarci,36,20775.66
2025,Broj,Muškarci,37,22083.37
2025,Broj,Muškarci,38,22277.65
2025,Broj,Muškarci,39,22130.78
2025,Broj,Muškarci,40,22722.36
2025,Broj,Muškarci,41,23240.07
2025,Broj,Muškarci,42,22990.18
2025,Broj,Muškarci,43,23311.55
2025,Broj,Muškarci,44,23183.78
2025,Broj,Muškarci,45,23134.11
2025,Broj,Muškarci,46,22818.73
2025,Broj,Muškarci,47,23087.41
2025,Broj,Muškarci,48,22914.71
2025,Broj,Muškarci,49,23949.33
2025,Broj,Muškarci,50,23219.67
2025,Broj,Muškarci,51,22741.28
2025,Broj,Muškarci,52,22556.1
2025,Broj,Muškarci,53,23173.0
2025,Broj,Muškarci,54,23010.62
2025,Broj,Muškarci,55,21347.54
2025,Broj,Muškarci,56,23243.9
2025,Broj,Muškarci,57,23013.31
2025,Broj,Muškarci,58,23673.37
2025,Broj,Muškarci,59,24184.17
2025,Broj,Muškarci,60,24866.17
2025,Broj,Muškarci,61,24173.84
2025,Broj,Muškarci,62,24432.24
2025,Broj,Muškarci,63,24760.46
2025,Broj,Muškarci,64,24600.76
2025,Broj,Muškarci,65,24279.04
2025,Broj,Muškarci,66,23302.58
2025,Broj,Muškarci,67,22992.3
2025,Broj,Muškarci,68,20732.15
2025,Broj,Muškarci,69,21331.72
2025,Broj,Muškarci,70,20312.63
2025,Broj,Muškarci,71,20304.08
2025,Broj,Muškarci,72,18271.66
2025,Broj,Muškarci,73,17410.05
2025,Broj,Muškarci,74,13884.01
2025,Broj,Muškarci,75,13944.98
2025,Broj,Muškarci,76,13062.68
2025,Broj,Muškarci,77,10743.37
2025,Broj,Muškarci,78,10147.27
2025,Broj,Muškarci,79,8613.44
2025,Broj,Muškarci,80,6466.64
2025,Broj,Muškarci,81,5730.52
2025,Broj,Muškarci,82,5303.81
2025,Broj,Muškarci,83,5164.26
2025,Broj,Muškarci,84,5123.15
2025,Broj,Muškarci,85,5003.74
2025,Broj,Muškarci,86,4193.66
2025,Broj,Muškarci,87,3543.04
2025,Broj,Muškarci,88,2964.5
2025,Broj,Muškarci,89,2383.43
2025,Broj,Muškarci,90,1871.9
2025,Broj,Muškarci,91,1406.07
2025,Broj,Muškarci,92,1063.61
2025,Broj,Muškarci,93,783.69
2025,Broj,Muškarci,94,511.75
2025,Broj,Muškarci,95,403.49
2025,Broj,Muškarci,96,251.91
2025,Broj,Muškarci,97,182.22
2025,Broj,Muškarci,98,92.35
2025,Broj,Muškarci,99,54.04
2025,Broj,Muškarci,100,30.14
2025,Broj,Muškarci,101,17.52
2025,Broj,Muškarci,102,9.48
2025,Broj,Muškarci,103,4.25
2025,Broj,Muškarci,104,2.04
2025,Broj,Muškarci,105,1.52
2025,Broj,Muškarci,106,1.4
2025,Broj,Muškarci,107,1.42
2025,Broj,Muškarci,108,0.62
2025,Broj,Muškarci,109,0.25
2025,Broj,Muškarci,110,0.12
2025,Broj,Muškarci,111,0.07
2025,Broj,Muškarci,112,0.03
2025,Broj,Muškarci,113,0.01
2025,Broj,Muškarci,114,0.01
2025,Broj,Muškarci,115,0.0
2025,Broj,Muškarci,116,0.0
2025,Broj,Muškarci,117,0.0
2025,Broj,Muškarci,118,0.0
2025,Broj,Muškarci,119,0.0
2025,Broj,Muškarci,120+,0.0
2025,_%,Muškarci,Total,100.0
2025,_%,Muškarci,0,0.84
2025,_%,Muškarci,1,0.85
2025,_%,Muškarci,2,0.87
2025,_%,Muškarci,3,0.88
2025,_%,Muškarci,4,0.9
2025,_%,Muškarci,5,0.91
2025,_%,Muškarci,6,0.93
2025,_%,Muškarci,7,0.92
2025,_%,Muškarci,8,0.95
2025,_%,Muškarci,9,0.96
2025,_%,Muškarci,10,0.94
2025,_%,Muškarci,11,0.96
2025,_%,Muškarci,12,0.97
2025,_%,Muškarci,13,1.08
2025,_%,Muškarci,14,1.08
2025,_%,Muškarci,15,1.12
2025,_%,Muškarci,16,1.16
2025,_%,Muškarci,17,1.14
2025,_%,Muškarci,18,1.08
2025,_%,Muškarci,19,1.06
2025,_%,Muškarci,20,1.05
2025,_%,Muškarci,21,1.02
2025,_%,Muškarci,22,1.02
2025,_%,Muškarci,23,1.0
2025,_%,Muškarci,24,1.01
2025,_%,Muškarci,25,1.02
2025,_%,Muškarci,26,1.02
2025,_%,Muškarci,27,1.13
2025,_%,Muškarci,28,1.27
2025,_%,Muškarci,29,1.34
2025,_%,Muškarci,30,1.34
2025,_%,Muškarci,31,1.18
2025,_%,Muškarci,32,1.02
2025,_%,Muškarci,33,1.17
2025,_%,Muškarci,34,1.33
2025,_%,Muškarci,35,1.33
2025,_%,Muškarci,36,1.31
2025,_%,Muškarci,37,1.4
2025,_%,Muškarci,38,1.41
2025,_%,Muškarci,39,1.4
2025,_%,Muškarci,40,1.44
2025,_%,Muškarci,41,1.47
2025,_%,Muškarci,42,1.45
2025,_%,Muškarci,43,1.47
2025,_%,Muškarci,44,1.47
2025,_%,Muškarci,45,1.46
2025,_%,Muškarci,46,1.44
2025,_%,Muškarci,47,1.46
2025,_%,Muškarci,48,1.45
2025,_%,Muškarci,49,1.51
2025,_%,Muškarci,50,1.47
2025,_%,Muškarci,51,1.44
2025,_%,Muškarci,52,1.43
2025,_%,Muškarci,53,1.46
2025,_%,Muškarci,54,1.45
2025,_%,Muškarci,55,1.35
2025,_%,Muškarci,56,1.47
2025,_%,Muškarci,57,1.45
2025,_%,Muškarci,58,1.5
2025,_%,Muškarci,59,1.53
2025,_%,Muškarci,60,1.57
2025,_%,Muškarci,61,1.53
2025,_%,Muškarci,62,1.54
2025,_%,Muškarci,63,1.57
2025,_%,Muškarci,64,1.55
2025,_%,Muškarci,65,1.53
2025,_%,Muškarci,66,1.47
2025,_%,Muškarci,67,1.45
2025,_%,Muškarci,68,1.31
2025,_%,Muškarci,69,1.35
2025,_%,Muškarci,70,1.28
2025,_%,Muškarci,71,1.28
2025,_%,Muškarci,72,1.15
2025,_%,Muškarci,73,1.1
2025,_%,Muškarci,74,0.88
2025,_%,Muškarci,75,0.88
2025,_%,Muškarci,76,0.83
2025,_%,Muškarci,77,0.68
2025,_%,Muškarci,78,0.64
2025,_%,Muškarci,79,0.54
2025,_%,Muškarci,80,0.41
2025,_%,Muškarci,81,0.36
2025,_%,Muškarci,82,0.34
2025,_%,Muškarci,83,0.33
2025,_%,Muškarci,84,0.32
2025,_%,Muškarci,85,0.32
2025,_%,Muškarci,86,0.27
2025,_%,Muškarci,87,0.22
2025,_%,Muškarci,88,0.19
2025,_%,Muškarci,89,0.15
2025,_%,Muškarci,90,0.12
2025,_%,Muškarci,91,0.09
2025,_%,Muškarci,92,0.07
2025,_%,Muškarci,93,0.05
2025,_%,Muškarci,94,0.03
2025,_%,Muškarci,95,0.03
2025,_%,Muškarci,96,0.02
2025,_%,Muškarci,97,0.01
2025,_%,Muškarci,98,0.01
2025,_%,Muškarci,99,0.0
2025,_%,Muškarci,100,0.0
2025,_%,Muškarci,101,0.0
2025,_%,Muškarci,102,0.0
2025,_%,Muškarci,103,0.0
2025,_%,Muškarci,104,0.0
2025,_%,Muškarci,105,0.0
2025,_%,Muškarci,106,0.0
2025,_%,Muškarci,107,0.0
2025,_%,Muškarci,108,0.0
2025,_%,Muškarci,109,0.0
2025,_%,Muškarci,110,0.0
2025,_%,Muškarci,111,0.0
2025,_%,Muškarci,112,0.0
2025,_%,Muškarci,113,0.0
2025,_%,Muškarci,114,0.0
2025,_%,Muškarci,115,0.0
2025,_%,Muškarci,116,0.0
2025,_%,Muškarci,117,0.0
2025,_%,Muškarci,118,0.0
2025,_%,Muškarci,119,0.0
2025,_%,Muškarci,120+,0.0
2030,Broj,Muškarci,Total,1484263.58
2030,Broj,Muškarci,0,11612.32
2030,Broj,Muškarci,1,11785.04
2030,Broj,Muškarci,2,11991.25
2030,Broj,Muškarci,3,12224.24
2030,Broj,Muškarci,4,12482.53
2030,Broj,Muškarci,5,12762.24
2030,Broj,Muškarci,6,13057.26
2030,Broj,Muškarci,7,13356.66
2030,Broj,Muškarci,8,13647.8
2030,Broj,Muškarci,9,13920.54
2030,Broj,Muškarci,10,14171.36
2030,Broj,Muškarci,11,14435.53
2030,Broj,Muškarci,12,14245.9
2030,Broj,Muškarci,13,14738.95
2030,Broj,Muškarci,14,14865.03
2030,Broj,Muškarci,15,14538.99
2030,Broj,Muškarci,16,14843.31
2030,Broj,Muškarci,17,14902.42
2030,Broj,Muškarci,18,16411.8
2030,Broj,Muškarci,19,16089.76
2030,Broj,Muškarci,20,16247.59
2030,Broj,Muškarci,21,16350.58
2030,Broj,Muškarci,22,15707.95
2030,Broj,Muškarci,23,14662.91
2030,Broj,Muškarci,24,14153.04
2030,Broj,Muškarci,25,14022.36
2030,Broj,Muškarci,26,13650.71
2030,Broj,Muškarci,27,13796.51
2030,Broj,Muškarci,28,13545.84
2030,Broj,Muškarci,29,13878.37
2030,Broj,Muškarci,30,14081.62
2030,Broj,Muškarci,31,14192.1
2030,Broj,Muškarci,32,15841.89
2030,Broj,Muškarci,33,17816.12
2030,Broj,Muškarci,34,18939.02
2030,Broj,Muškarci,35,19023.08
2030,Broj,Muškarci,36,16943.59
2030,Broj,Muškarci,37,14660.89
2030,Broj,Muškarci,38,17004.32
2030,Broj,Muškarci,39,19227.22
2030,Broj,Muškarci,40,19334.83
2030,Broj,Muškarci,41,19085.55
2030,Broj,Muškarci,42,20401.95
2030,Broj,Muškarci,43,20641.64
2030,Broj,Muškarci,44,20577.06
2030,Broj,Muškarci,45,21213.01
2030,Broj,Muškarci,46,21768.43
2030,Broj,Muškarci,47,21581.55
2030,Broj,Muškarci,48,21960.12
2030,Broj,Muškarci,49,21899.29
2030,Broj,Muškarci,50,21928.54
2030,Broj,Muškarci,51,21692.06
2030,Broj,Muškarci,52,22016.34
2030,Broj,Muškarci,53,21885.65
2030,Broj,Muškarci,54,22925.55
2030,Broj,Muškarci,55,22262.36
2030,Broj,Muškarci,56,21854.14
2030,Broj,Muškarci,57,21708.62
2030,Broj,Muškarci,58,22321.16
2030,Broj,Muškarci,59,22192.98
2030,Broj,Muškarci,60,20624.48
2030,Broj,Muškarci,61,22416.04
2030,Broj,Muškarci,62,22159.1
2030,Broj,Muškarci,63,22725.8
2030,Broj,Muškarci,64,23114.74
2030,Broj,Muškarci,65,23630.43
2030,Broj,Muškarci,66,22843.82
2030,Broj,Muškarci,67,22903.53
2030,Broj,Muškarci,68,22993.49
2030,Broj,Muškarci,69,22620.53
2030,Broj,Muškarci,70,22086.28
2030,Broj,Muškarci,71,20946.5
2030,Broj,Muškarci,72,20368.41
2030,Broj,Muškarci,73,18077.72
2030,Broj,Muškarci,74,18243.81
2030,Broj,Muškarci,75,17019.88
2030,Broj,Muškarci,76,16658.43
2030,Broj,Muškarci,77,14696.89
2030,Broj,Muškarci,78,13716.12
2030,Broj,Muškarci,79,10713.35
2030,Broj,Muškarci,80,10501.17
2030,Broj,Muškarci,81,9571.63
2030,Broj,Muškarci,82,7640.49
2030,Broj,Muškarci,83,6972.25
2030,Broj,Muškarci,84,5706.4
2030,Broj,Muškarci,85,4121.35
2030,Broj,Muškarci,86,3496.04
2030,Broj,Muškarci,87,3086.2
2030,Broj,Muškarci,88,2856.26
2030,Broj,Muškarci,89,2680.89
2030,Broj,Muškarci,90,2469.03
2030,Broj,Muškarci,91,1946.39
2030,Broj,Muškarci,92,1539.69
2030,Broj,Muškarci,93,1199.92
2030,Broj,Muškarci,94,894.12
2030,Broj,Muškarci,95,648.78
2030,Broj,Muškarci,96,448.93
2030,Broj,Muškarci,97,311.5
2030,Broj,Muškarci,98,209.61
2030,Broj,Muškarci,99,124.45
2030,Broj,Muškarci,100,88.68
2030,Broj,Muškarci,101,49.69
2030,Broj,Muškarci,102,32.1
2030,Broj,Muškarci,103,14.47
2030,Broj,Muškarci,104,7.5
2030,Broj,Muškarci,105,3.69
2030,Broj,Muškarci,106,1.88
2030,Broj,Muškarci,107,0.89
2030,Broj,Muškarci,108,0.34
2030,Broj,Muškarci,109,0.14
2030,Broj,Muškarci,110,0.09
2030,Broj,Muškarci,111,0.07
2030,Broj,Muškarci,112,0.06
2030,Broj,Muškarci,113,0.02
2030,Broj,Muškarci,114,0.01
2030,Broj,Muškarci,115,0.0
2030,Broj,Muškarci,116,0.0
2030,Broj,Muškarci,117,0.0
2030,Broj,Muškarci,118,0.0
2030,Broj,Muškarci,119,0.0
2030,Broj,Muškarci,120+,0.0
2030,_%,Muškarci,Total,100.0
2030,_%,Muškarci,0,0.78
2030,_%,Muškarci,1,0.79
2030,_%,Muškarci,2,0.81
2030,_%,Muškarci,3,0.82
2030,_%,Muškarci,4,0.84
2030,_%,Muškarci,5,0.86
2030,_%,Muškarci,6,0.88
2030,_%,Muškarci,7,0.9
2030,_%,Muškarci,8,0.92
2030,_%,Muškarci,9,0.94
2030,_%,Muškarci,10,0.95
2030,_%,Muškarci,11,0.97
2030,_%,Muškarci,12,0.96
2030,_%,Muškarci,13,0.99
2030,_%,Muškarci,14,1.0
2030,_%,Muškarci,15,0.98
2030,_%,Muškarci,16,1.0
2030,_%,Muškarci,17,1.0
2030,_%,Muškarci,18,1.11
2030,_%,Muškarci,19,1.08
2030,_%,Muškarci,20,1.09
2030,_%,Muškarci,21,1.1
2030,_%,Muškarci,22,1.06
2030,_%,Muškarci,23,0.99
2030,_%,Muškarci,24,0.95
2030,_%,Muškarci,25,0.94
2030,_%,Muškarci,26,0.92
2030,_%,Muškarci,27,0.93
2030,_%,Muškarci,28,0.91
2030,_%,Muškarci,29,0.94
2030,_%,Muškarci,30,0.95
2030,_%,Muškarci,31,0.96
2030,_%,Muškarci,32,1.07
2030,_%,Muškarci,33,1.2
2030,_%,Muškarci,34,1.28
2030,_%,Muškarci,35,1.28
2030,_%,Muškarci,36,1.14
2030,_%,Muškarci,37,0.99
2030,_%,Muškarci,38,1.15
2030,_%,Muškarci,39,1.3
2030,_%,Muškarci,40,1.3
2030,_%,Muškarci,41,1.29
2030,_%,Muškarci,42,1.37
2030,_%,Muškarci,43,1.39
2030,_%,Muškarci,44,1.39
2030,_%,Muškarci,45,1.43
2030,_%,Muškarci,46,1.47
2030,_%,Muškarci,47,1.45
2030,_%,Muškarci,48,1.48
2030,_%,Muškarci,49,1.48
2030,_%,Muškarci,50,1.48
2030,_%,Muškarci,51,1.46
2030,_%,Muškarci,52,1.48
2030,_%,Muškarci,53,1.47
2030,_%,Muškarci,54,1.54
2030,_%,Muškarci,55,1.5
2030,_%,Muškarci,56,1.47
2030,_%,Muškarci,57,1.46
2030,_%,Muškarci,58,1.5
2030,_%,Muškarci,59,1.5
2030,_%,Muškarci,60,1.39
2030,_%,Muškarci,61,1.51
2030,_%,Muškarci,62,1.49
2030,_%,Muškarci,63,1.53
2030,_%,Muškarci,64,1.56
2030,_%,Muškarci,65,1.59
2030,_%,Muškarci,66,1.54
2030,_%,Muškarci,67,1.54
2030,_%,Muškarci,68,1.55
2030,_%,Muškarci,69,1.52
2030,_%,Muškarci,70,1.49
2030,_%,Muškarci,71,1.41
2030,_%,Muškarci,72,1.37
2030,_%,Muškarci,73,1.22
2030,_%,Muškarci,74,1.23
2030,_%,Muškarci,75,1.15
2030,_%,Muškarci,76,1.12
2030,_%,Muškarci,77,0.99
2030,_%,Muškarci,78,0.92
2030,_%,Muškarci,79,0.72
2030,_%,Muškarci,80,0.71
2030,_%,Muškarci,81,0.64
2030,_%,Muškarci,82,0.51
2030,_%,Muškarci,83,0.47
2030,_%,Muškarci,84,0.38
2030,_%,Muškarci,85,0.28
2030,_%,Muškarci,86,0.24
2030,_%,Muškarci,87,0.21
2030,_%,Muškarci,88,0.19
2030,_%,Muškarci,89,0.18
2030,_%,Muškarci,90,0.17
2030,_%,Muškarci,91,0.13
2030,_%,Muškarci,92,0.1
2030,_%,Muškarci,93,0.08
2030,_%,Muškarci,94,0.06
2030,_%,Muškarci,95,0.04
2030,_%,Muškarci,96,0.03
2030,_%,Muškarci,97,0.02
2030,_%,Muškarci,98,0.01
2030,_%,Muškarci,99,0.01
2030,_%,Muškarci,100,0.01
2030,_%,Muškarci,101,0.0
2030,_%,Muškarci,102,0.0
2030,_%,Muškarci,103,0.0
2030,_%,Muškarci,104,0.0
2030,_%,Muškarci,105,0.0
2030,_%,Muškarci,106,0.0
2030,_%,Muškarci,107,0.0
2030,_%,Muškarci,108,0.0
2030,_%,Muškarci,109,0.0
2030,_%,Muškarci,110,0.0
2030,_%,Muškarci,111,0.0
2030,_%,Muškarci,112,0.0
2030,_%,Muškarci,113,0.0
2030,_%,Muškarci,114,0.0
2030,_%,Muškarci,115,0.0
2030,_%,Muškarci,116,0.0
2030,_%,Muškarci,117,0.0
2030,_%,Muškarci,118,0.0
2030,_%,Muškarci,119,0.0
2030,_%,Muškarci,120+,0.0
2035,Broj,Muškarci,Total,1382448.5
2035,Broj,Muškarci,0,10205.59
2035,Broj,Muškarci,1,10330.53
2035,Broj,Muškarci,2,10491.27
2035,Broj,Muškarci,3,10684.56
2035,Broj,Muškarci,4,10911.25
2035,Broj,Muškarci,5,11168.88
2035,Broj,Muškarci,6,11422.11
2035,Broj,Muškarci,7,11690.7
2035,Broj,Muškarci,8,11967.47
2035,Broj,Muškarci,9,12247.56
2035,Broj,Muškarci,10,12530.06
2035,Broj,Muškarci,11,12815.16
2035,Broj,Muškarci,12,13099.52
2035,Broj,Muškarci,13,13375.89
2035,Broj,Muškarci,14,13635.31
2035,Broj,Muškarci,15,13867.73
2035,Broj,Muškarci,16,14091.99
2035,Broj,Muškarci,17,13807.92
2035,Broj,Muškarci,18,14118.05
2035,Broj,Muškarci,19,13985.14
2035,Broj,Muškarci,20,13341.27
2035,Broj,Muškarci,21,13283.27
2035,Broj,Muškarci,22,12941.4
2035,Broj,Muškarci,23,14068.01
2035,Broj,Muškarci,24,13537.11
2035,Broj,Muškarci,25,13624.9
2035,Broj,Muškarci,26,13758.12
2035,Broj,Muškarci,27,13307.98
2035,Broj,Muškarci,28,12533.15
2035,Broj,Muškarci,29,12239.58
2035,Broj,Muškarci,30,12275.58
2035,Broj,Muškarci,31,12058.06
2035,Broj,Muškarci,32,12337.31
2035,Broj,Muškarci,33,12200.98
2035,Broj,Muškarci,34,12606.78
2035,Broj,Muškarci,35,12857.9
2035,Broj,Muškarci,36,12957.68
2035,Broj,Muškarci,37,14468.45
2035,Broj,Muškarci,38,16261.87
2035,Broj,Muškarci,39,17298.38
2035,Broj,Muškarci,40,17474.29
2035,Broj,Muškarci,41,15671.81
2035,Broj,Muškarci,42,13598.24
2035,Broj,Muškarci,43,15867.58
2035,Broj,Muškarci,44,17965.04
2035,Broj,Muškarci,45,18090.63
2035,Broj,Muškarci,46,17887.66
2035,Broj,Muškarci,47,19192.78
2035,Broj,Muškarci,48,19451.86
2035,Broj,Muškarci,49,19435.0
2035,Broj,Muškarci,50,20093.74
2035,Broj,Muškarci,51,20677.26
2035,Broj,Muškarci,52,20544.62
2035,Broj,Muškarci,53,20962.92
2035,Broj,Muškarci,54,20945.63
2035,Broj,Muškarci,55,21018.22
2035,Broj,Muškarci,56,20827.12
2035,Broj,Muškarci,57,21175.85
2035,Broj,Muškarci,58,21071.56
2035,Broj,Muškarci,59,22090.43
2035,Broj,Muškarci,60,21474.85
2035,Broj,Muškarci,61,21097.99
2035,Broj,Muškarci,62,20944.53
2035,Broj,Muškarci,63,21483.43
2035,Broj,Muškarci,64,21302.92
2035,Broj,Muškarci,65,19748.26
2035,Broj,Muškarci,66,21295.09
2035,Broj,Muškarci,67,20901.09
2035,Broj,Muškarci,68,21244.3
2035,Broj,Muškarci,69,21398.62
2035,Broj,Muškarci,70,21646.3
2035,Broj,Muškarci,71,20695.39
2035,Broj,Muškarci,72,20469.21
2035,Broj,Muškarci,73,20232.98
2035,Broj,Muškarci,74,19568.63
2035,Broj,Muškarci,75,18756.28
2035,Broj,Muškarci,76,17457.01
2035,Broj,Muškarci,77,16664.12
2035,Broj,Muškarci,78,14511.03
2035,Broj,Muškarci,79,14338.81
2035,Broj,Muškarci,80,13083.33
2035,Broj,Muškarci,81,12485.34
2035,Broj,Muškarci,82,10708.05
2035,Broj,Muškarci,83,9687.72
2035,Broj,Muškarci,84,7318.84
2035,Broj,Muškarci,85,6912.07
2035,Broj,Muškarci,86,6053.49
2035,Broj,Muškarci,87,4631.27
2035,Broj,Muškarci,88,4038.21
2035,Broj,Muškarci,89,3144.73
2035,Broj,Muškarci,90,2152.7
2035,Broj,Muškarci,91,1725.79
2035,Broj,Muškarci,92,1432.08
2035,Broj,Muškarci,93,1239.37
2035,Broj,Muškarci,94,1082.38
2035,Broj,Muškarci,95,925.06
2035,Broj,Muškarci,96,674.36
2035,Broj,Muškarci,97,491.39
2035,Broj,Muškarci,98,351.15
2035,Broj,Muškarci,99,238.92
2035,Broj,Muškarci,100,157.19
2035,Broj,Muškarci,101,97.82
2035,Broj,Muškarci,102,60.72
2035,Broj,Muškarci,103,36.37
2035,Broj,Muškarci,104,19.14
2035,Broj,Muškarci,105,12.01
2035,Broj,Muškarci,106,5.88
2035,Broj,Muškarci,107,3.29
2035,Broj,Muškarci,108,1.27
2035,Broj,Muškarci,109,0.56
2035,Broj,Muškarci,110,0.24
2035,Broj,Muškarci,111,0.1
2035,Broj,Muškarci,112,0.04
2035,Broj,Muškarci,113,0.01
2035,Broj,Muškarci,114,0.0
2035,Broj,Muškarci,115,0.0
2035,Broj,Muškarci,116,0.0
2035,Broj,Muškarci,117,0.0
2035,Broj,Muškarci,118,0.0
2035,Broj,Muškarci,119,0.0
2035,Broj,Muškarci,120+,0.0
2035,_%,Muškarci,Total,100.0
2035,_%,Muškarci,0,0.74
2035,_%,Muškarci,1,0.75
2035,_%,Muškarci,2,0.76
2035,_%,Muškarci,3,0.77
2035,_%,Muškarci,4,0.79
2035,_%,Muškarci,5,0.81
2035,_%,Muškarci,6,0.83
2035,_%,Muškarci,7,0.85
2035,_%,Muškarci,8,0.87
2035,_%,Muškarci,9,0.89
2035,_%,Muškarci,10,0.91
2035,_%,Muškarci,11,0.93
2035,_%,Muškarci,12,0.95
2035,_%,Muškarci,13,0.97
2035,_%,Muškarci,14,0.99
2035,_%,Muškarci,15,1.0
2035,_%,Muškarci,16,1.02
2035,_%,Muškarci,17,1.0
2035,_%,Muškarci,18,1.02
2035,_%,Muškarci,19,1.01
2035,_%,Muškarci,20,0.97
2035,_%,Muškarci,21,0.96
2035,_%,Muškarci,22,0.94
2035,_%,Muškarci,23,1.02
2035,_%,Muškarci,24,0.98
2035,_%,Muškarci,25,0.99
2035,_%,Muškarci,26,1.0
2035,_%,Muškarci,27,0.96
2035,_%,Muškarci,28,0.91
2035,_%,Muškarci,29,0.89
2035,_%,Muškarci,30,0.89
2035,_%,Muškarci,31,0.87
2035,_%,Muškarci,32,0.89
2035,_%,Muškarci,33,0.88
2035,_%,Muškarci,34,0.91
2035,_%,Muškarci,35,0.93
2035,_%,Muškarci,36,0.94
2035,_%,Muškarci,37,1.05
2035,_%,Muškarci,38,1.18
2035,_%,Muškarci,39,1.25
2035,_%,Muškarci,40,1.26
2035,_%,Muškarci,41,1.13
2035,_%,Muškarci,42,0.98
2035,_%,Muškarci,43,1.15
2035,_%,Muškarci,44,1.3
2035,_%,Muškarci,45,1.31
2035,_%,Muškarci,46,1.29
2035,_%,Muškarci,47,1.39
2035,_%,Muškarci,48,1.41
2035,_%,Muškarci,49,1.41
2035,_%,Muškarci,50,1.45
2035,_%,Muškarci,51,1.5
2035,_%,Muškarci,52,1.49
2035,_%,Muškarci,53,1.52
2035,_%,Muškarci,54,1.52
2035,_%,Muškarci,55,1.52
2035,_%,Muškarci,56,1.51
2035,_%,Muškarci,57,1.53
2035,_%,Muškarci,58,1.52
2035,_%,Muškarci,59,1.6
2035,_%,Muškarci,60,1.55
2035,_%,Muškarci,61,1.53
2035,_%,Muškarci,62,1.52
2035,_%,Muškarci,63,1.55
2035,_%,Muškarci,64,1.54
2035,_%,Muškarci,65,1.43
2035,_%,Muškarci,66,1.54
2035,_%,Muškarci,67,1.51
2035,_%,Muškarci,68,1.54
2035,_%,Muškarci,69,1.55
2035,_%,Muškarci,70,1.57
2035,_%,Muškarci,71,1.5
2035,_%,Muškarci,72,1.48
2035,_%,Muškarci,73,1.46
2035,_%,Muškarci,74,1.42
2035,_%,Muškarci,75,1.36
2035,_%,Muškarci,76,1.26
2035,_%,Muškarci,77,1.21
2035,_%,Muškarci,78,1.05
2035,_%,Muškarci,79,1.04
2035,_%,Muškarci,80,0.95
2035,_%,Muškarci,81,0.9
2035,_%,Muškarci,82,0.77
2035,_%,Muškarci,83,0.7
2035,_%,Muškarci,84,0.53
2035,_%,Muškarci,85,0.5
2035,_%,Muškarci,86,0.44
2035,_%,Muškarci,87,0.34
2035,_%,Muškarci,88,0.29
2035,_%,Muškarci,89,0.23
2035,_%,Muškarci,90,0.16
2035,_%,Muškarci,91,0.12
2035,_%,Muškarci,92,0.1
2035,_%,Muškarci,93,0.09
2035,_%,Muškarci,94,0.08
2035,_%,Muškarci,95,0.07
2035,_%,Muškarci,96,0.05
2035,_%,Muškarci,97,0.04
2035,_%,Muškarci,98,0.03
2035,_%,Muškarci,99,0.02
2035,_%,Muškarci,100,0.01
2035,_%,Muškarci,101,0.01
2035,_%,Muškarci,102,0.0
2035,_%,Muškarci,103,0.0
2035,_%,Muškarci,104,0.0
2035,_%,Muškarci,105,0.0
2035,_%,Muškarci,106,0.0
2035,_%,Muškarci,107,0.0
2035,_%,Muškarci,108,0.0
2035,_%,Muškarci,109,0.0
2035,_%,Muškarci,110,0.0
2035,_%,Muškarci,111,0.0
2035,_%,Muškarci,112,0.0
2035,_%,Muškarci,113,0.0
2035,_%,Muškarci,114,0.0
2035,_%,Muškarci,115,0.0
2035,_%,Muškarci,116,0.0
2035,_%,Muškarci,117,0.0
2035,_%,Muškarci,118,0.0
2035,_%,Muškarci,119,0.0
2035,_%,Muškarci,120+,0.0
2040,Broj,Muškarci,Total,1278118.72
2040,Broj,Muškarci,0,9217.97
2040,Broj,Muškarci,1,9281.11
2040,Broj,Muškarci,2,9372.82
2040,Broj,Muškarci,3,9492.33
2040,Broj,Muškarci,4,9641.15
2040,Broj,Muškarci,5,9815.88
2040,Broj,Muškarci,6,10012.98
2040,Broj,Muškarci,7,10229.47
2040,Broj,Muškarci,8,10461.66
2040,Broj,Muškarci,9,10707.41
2040,Broj,Muškarci,10,10967.2
2040,Broj,Muškarci,11,11211.62
2040,Broj,Muškarci,12,11466.67
2040,Broj,Muškarci,13,11729.4
2040,Broj,Muškarci,14,11995.83
2040,Broj,Muškarci,15,12259.52
2040,Broj,Muškarci,16,12501.05
2040,Broj,Muškarci,17,12688.53
2040,Broj,Muškarci,18,12794.43
2040,Broj,Muškarci,19,12800.58
2040,Broj,Muškarci,20,12704.67
2040,Broj,Muškarci,21,12584.17
2040,Broj,Muškarci,22,11998.12
2040,Broj,Muškarci,23,12065.25
2040,Broj,Muškarci,24,11823.56
2040,Broj,Muškarci,25,11209.73
2040,Broj,Muškarci,26,11231.98
2040,Broj,Muškarci,27,10927.73
2040,Broj,Muškarci,28,12052.93
2040,Broj,Muškarci,29,11609.94
2040,Broj,Muškarci,30,11820.1
2040,Broj,Muškarci,31,12074.81
2040,Broj,Muškarci,32,11813.08
2040,Broj,Muškarci,33,11246.43
2040,Broj,Muškarci,34,11098.1
2040,Broj,Muškarci,35,11222.02
2040,Broj,Muškarci,36,11064.8
2040,Broj,Muškarci,37,11382.3
2040,Broj,Muškarci,38,11273.89
2040,Broj,Muškarci,39,11686.23
2040,Broj,Muškarci,40,11947.13
2040,Broj,Muškarci,41,12038.74
2040,Broj,Muškarci,42,13456.01
2040,Broj,Muškarci,43,15131.2
2040,Broj,Muškarci,44,16123.47
2040,Broj,Muškarci,45,16375.29
2040,Broj,Muškarci,46,14774.51
2040,Broj,Muškarci,47,12851.55
2040,Broj,Muškarci,48,15048.06
2040,Broj,Muškarci,49,17036.81
2040,Broj,Muškarci,50,17174.74
2040,Broj,Muškarci,51,17014.43
2040,Broj,Muškarci,52,18310.28
2040,Broj,Muškarci,53,18586.14
2040,Broj,Muškarci,54,18601.97
2040,Broj,Muškarci,55,19262.69
2040,Broj,Muškarci,56,19850.8
2040,Broj,Muškarci,57,19753.11
2040,Broj,Muškarci,58,20189.89
2040,Broj,Muškarci,59,20200.85
2040,Broj,Muškarci,60,20294.95
2040,Broj,Muškarci,61,20120.46
2040,Broj,Muškarci,62,20442.38
2040,Broj,Muškarci,63,20308.65
2040,Broj,Muškarci,64,21213.13
2040,Broj,Muškarci,65,20552.94
2040,Broj,Muškarci,66,20101.1
2040,Broj,Muškarci,67,19830.38
2040,Broj,Muškarci,68,20176.13
2040,Broj,Muškarci,69,19844.87
2040,Broj,Muškarci,70,18246.97
2040,Broj,Muškarci,71,19443.02
2040,Broj,Muškarci,72,18845.62
2040,Broj,Muškarci,73,18880.55
2040,Broj,Muškarci,74,18717.08
2040,Broj,Muškarci,75,18610.51
2040,Broj,Muškarci,76,17486.38
2040,Broj,Muškarci,77,16998.52
2040,Broj,Muškarci,78,16498.83
2040,Broj,Muškarci,79,15649.47
2040,Broj,Muškarci,80,14694.07
2040,Broj,Muškarci,81,13361.62
2040,Broj,Muškarci,82,12422.76
2040,Broj,Muškarci,83,10510.12
2040,Broj,Muškarci,84,10062.33
2040,Broj,Muškarci,85,8871.4
2040,Broj,Muškarci,86,8159.56
2040,Broj,Muškarci,87,6726.04
2040,Broj,Muškarci,88,5833.96
2040,Broj,Muškarci,89,4205.22
2040,Broj,Muškarci,90,3777.95
2040,Broj,Muškarci,91,3137.88
2040,Broj,Muškarci,92,2265.06
2040,Broj,Muškarci,93,1855.7
2040,Broj,Muškarci,94,1350.35
2040,Broj,Muškarci,95,860.07
2040,Broj,Muškarci,96,640.65
2040,Broj,Muškarci,97,491.3
2040,Broj,Muškarci,98,391.1
2040,Broj,Muškarci,99,312.81
2040,Broj,Muškarci,100,242.95
2040,Broj,Muškarci,101,159.57
2040,Broj,Muškarci,102,104.14
2040,Broj,Muškarci,103,66.29
2040,Broj,Muškarci,104,39.97
2040,Broj,Muškarci,105,23.14
2040,Broj,Muškarci,106,12.55
2040,Broj,Muškarci,107,6.72
2040,Broj,Muškarci,108,3.43
2040,Broj,Muškarci,109,1.53
2040,Broj,Muškarci,110,0.81
2040,Broj,Muškarci,111,0.34
2040,Broj,Muškarci,112,0.16
2040,Broj,Muškarci,113,0.05
2040,Broj,Muškarci,114,0.02
2040,Broj,Muškarci,115,0.01
2040,Broj,Muškarci,116,0.0
2040,Broj,Muškarci,117,0.0
2040,Broj,Muškarci,118,0.0
2040,Broj,Muškarci,119,0.0
2040,Broj,Muškarci,120+,0.0
2040,_%,Muškarci,Total,100.0
2040,_%,Muškarci,0,0.72
2040,_%,Muškarci,1,0.73
2040,_%,Muškarci,2,0.73
2040,_%,Muškarci,3,0.74
2040,_%,Muškarci,4,0.75
2040,_%,Muškarci,5,0.77
2040,_%,Muškarci,6,0.78
2040,_%,Muškarci,7,0.8
2040,_%,Muškarci,8,0.82
2040,_%,Muškarci,9,0.84
2040,_%,Muškarci,10,0.86
2040,_%,Muškarci,11,0.88
2040,_%,Muškarci,12,0.9
2040,_%,Muškarci,13,0.92
2040,_%,Muškarci,14,0.94
2040,_%,Muškarci,15,0.96
2040,_%,Muškarci,16,0.98
2040,_%,Muškarci,17,0.99
2040,_%,Muškarci,18,1.0
2040,_%,Muškarci,19,1.0
2040,_%,Muškarci,20,0.99
2040,_%,Muškarci,21,0.98
2040,_%,Muškarci,22,0.94
2040,_%,Muškarci,23,0.94
2040,_%,Muškarci,24,0.93
2040,_%,Muškarci,25,0.88
2040,_%,Muškarci,26,0.88
2040,_%,Muškarci,27,0.85
2040,_%,Muškarci,28,0.94
2040,_%,Muškarci,29,0.91
2040,_%,Muškarci,30,0.92
2040,_%,Muškarci,31,0.94
2040,_%,Muškarci,32,0.92
2040,_%,Muškarci,33,0.88
2040,_%,Muškarci,34,0.87
2040,_%,Muškarci,35,0.88
2040,_%,Muškarci,36,0.87
2040,_%,Muškarci,37,0.89
2040,_%,Muškarci,38,0.88
2040,_%,Muškarci,39,0.91
2040,_%,Muškarci,40,0.93
2040,_%,Muškarci,41,0.94
2040,_%,Muškarci,42,1.05
2040,_%,Muškarci,43,1.18
2040,_%,Muškarci,44,1.26
2040,_%,Muškarci,45,1.28
2040,_%,Muškarci,46,1.16
2040,_%,Muškarci,47,1.01
2040,_%,Muškarci,48,1.18
2040,_%,Muškarci,49,1.33
2040,_%,Muškarci,50,1.34
2040,_%,Muškarci,51,1.33
2040,_%,Muškarci,52,1.43
2040,_%,Muškarci,53,1.45
2040,_%,Muškarci,54,1.46
2040,_%,Muškarci,55,1.51
2040,_%,Muškarci,56,1.55
2040,_%,Muškarci,57,1.55
2040,_%,Muškarci,58,1.58
2040,_%,Muškarci,59,1.58
2040,_%,Muškarci,60,1.59
2040,_%,Muškarci,61,1.57
2040,_%,Muškarci,62,1.6
2040,_%,Muškarci,63,1.59
2040,_%,Muškarci,64,1.66
2040,_%,Muškarci,65,1.61
2040,_%,Muškarci,66,1.57
2040,_%,Muškarci,67,1.55
2040,_%,Muškarci,68,1.58
2040,_%,Muškarci,69,1.55
2040,_%,Muškarci,70,1.43
2040,_%,Muškarci,71,1.52
2040,_%,Muškarci,72,1.47
2040,_%,Muškarci,73,1.48
2040,_%,Muškarci,74,1.46
2040,_%,Muškarci,75,1.46
2040,_%,Muškarci,76,1.37
2040,_%,Muškarci,77,1.33
2040,_%,Muškarci,78,1.29
2040,_%,Muškarci,79,1.22
2040,_%,Muškarci,80,1.15
2040,_%,Muškarci,81,1.05
2040,_%,Muškarci,82,0.97
2040,_%,Muškarci,83,0.82
2040,_%,Muškarci,84,0.79
2040,_%,Muškarci,85,0.69
2040,_%,Muškarci,86,0.64
2040,_%,Muškarci,87,0.53
2040,_%,Muškarci,88,0.46
2040,_%,Muškarci,89,0.33
2040,_%,Muškarci,90,0.3
2040,_%,Muškarci,91,0.25
2040,_%,Muškarci,92,0.18
2040,_%,Muškarci,93,0.15
2040,_%,Muškarci,94,0.11
2040,_%,Muškarci,95,0.07
2040,_%,Muškarci,96,0.05
2040,_%,Muškarci,97,0.04
2040,_%,Muškarci,98,0.03
2040,_%,Muškarci,99,0.02
2040,_%,Muškarci,100,0.02
2040,_%,Muškarci,101,0.01
2040,_%,Muškarci,102,0.01
2040,_%,Muškarci,103,0.01
2040,_%,Muškarci,104,0.0
2040,_%,Muškarci,105,0.0
2040,_%,Muškarci,106,0.0
2040,_%,Muškarci,107,0.0
2040,_%,Muškarci,108,0.0
2040,_%,Muškarci,109,0.0
2040,_%,Muškarci,110,0.0
2040,_%,Muškarci,111,0.0
2040,_%,Muškarci,112,0.0
2040,_%,Muškarci,113,0.0
2040,_%,Muškarci,114,0.0
2040,_%,Muškarci,115,0.0
2040,_%,Muškarci,116,0.0
2040,_%,Muškarci,117,0.0
2040,_%,Muškarci,118,0.0
2040,_%,Muškarci,119,0.0
2040,_%,Muškarci,120+,0.0
2045,Broj,Muškarci,Total,1173497.52
2045,Broj,Muškarci,0,8388.55
2045,Broj,Muškarci,1,8451.09
2045,Broj,Muškarci,2,8531.08
2045,Broj,Muškarci,3,8625.8
2045,Broj,Muškarci,4,8736.52
2045,Broj,Muškarci,5,8862.26
2045,Broj,Muškarci,6,8992.04
2045,Broj,Muškarci,7,9136.06
2045,Broj,Muškarci,8,9292.79
2045,Broj,Muškarci,9,9461.15
2045,Broj,Muškarci,10,9640.09
2045,Broj,Muškarci,11,9830.95
2045,Broj,Muškarci,12,10036.42
2045,Broj,Muškarci,13,10256.77
2045,Broj,Muškarci,14,10490.55
2045,Broj,Muškarci,15,10733.72
2045,Broj,Muškarci,16,10940.11
2045,Broj,Muškarci,17,11110.17
2045,Broj,Muškarci,18,11222.3
2045,Broj,Muškarci,19,11263.17
2045,Broj,Muškarci,20,11232.57
2045,Broj,Muškarci,21,11147.89
2045,Broj,Muškarci,22,11033.19
2045,Broj,Muškarci,23,10908.4
2045,Broj,Muškarci,24,10781.7
2045,Broj,Muškarci,25,10649.9
2045,Broj,Muškarci,26,10593.28
2045,Broj,Muškarci,27,10128.98
2045,Broj,Muškarci,28,10303.2
2045,Broj,Muškarci,29,10197.11
2045,Broj,Muškarci,30,9750.28
2045,Broj,Muškarci,31,9912.24
2045,Broj,Muškarci,32,9683.28
2045,Broj,Muškarci,33,10835.14
2045,Broj,Muškarci,34,10459.71
2045,Broj,Muškarci,35,10730.49
2045,Broj,Muškarci,36,11020.93
2045,Broj,Muškarci,37,10836.25
2045,Broj,Muškarci,38,10365.74
2045,Broj,Muškarci,39,10278.51
2045,Broj,Muškarci,40,10441.33
2045,Broj,Muškarci,41,10324.18
2045,Broj,Muškarci,42,10674.88
2045,Broj,Muškarci,43,10599.47
2045,Broj,Muškarci,44,11032.8
2045,Broj,Muškarci,45,11312.78
2045,Broj,Muškarci,46,11400.7
2045,Broj,Muškarci,47,12741.94
2045,Broj,Muškarci,48,14320.53
2045,Broj,Muškarci,49,15270.73
2045,Broj,Muškarci,50,15572.7
2045,Broj,Muškarci,51,14129.93
2045,Broj,Muškarci,52,12336.69
2045,Broj,Muškarci,53,14471.39
2045,Broj,Muškarci,54,16369.18
2045,Broj,Muškarci,55,16511.6
2045,Broj,Muškarci,56,16378.93
2045,Broj,Muškarci,57,17651.83
2045,Broj,Muškarci,58,17937.72
2045,Broj,Muškarci,59,17979.0
2045,Broj,Muškarci,60,18631.0
2045,Broj,Muškarci,61,19199.45
2045,Broj,Muškarci,62,19097.6
2045,Broj,Muškarci,63,19489.46
2045,Broj,Muškarci,64,19452.47
2045,Broj,Muškarci,65,19473.03
2045,Broj,Muškarci,66,19218.6
2045,Broj,Muškarci,67,19406.62
2045,Broj,Muškarci,68,19146.04
2045,Broj,Muškarci,69,19831.56
2045,Broj,Muškarci,70,19059.6
2045,Broj,Muškarci,71,18466.04
2045,Broj,Muškarci,72,18011.62
2045,Broj,Muškarci,73,18085.0
2045,Broj,Muškarci,74,17535.82
2045,Broj,Muškarci,75,15876.95
2045,Broj,Muškarci,76,16641.39
2045,Broj,Muškarci,77,15871.75
2045,Broj,Muškarci,78,15633.34
2045,Broj,Muškarci,79,15216.83
2045,Broj,Muškarci,80,14839.75
2045,Broj,Muškarci,81,13643.18
2045,Broj,Muškarci,82,12938.79
2045,Broj,Muškarci,83,12222.62
2045,Broj,Muškarci,84,11257.8
2045,Broj,Muškarci,85,10239.97
2045,Broj,Muškarci,86,8996.73
2045,Broj,Muškarci,87,8062.5
2045,Broj,Muškarci,88,6553.69
2045,Broj,Muškarci,89,6006.87
2045,Broj,Muškarci,90,5050.15
2045,Broj,Muškarci,91,4419.51
2045,Broj,Muškarci,92,3448.47
2045,Broj,Muškarci,93,2819.61
2045,Broj,Muškarci,94,1902.43
2045,Broj,Muškarci,95,1597.95
2045,Broj,Muškarci,96,1236.37
2045,Broj,Muškarci,97,826.77
2045,Broj,Muškarci,98,625.25
2045,Broj,Muškarci,99,417.65
2045,Broj,Muškarci,100,242.31
2045,Broj,Muškarci,101,162.87
2045,Broj,Muškarci,102,111.98
2045,Broj,Muškarci,103,79.45
2045,Broj,Muškarci,104,56.31
2045,Broj,Muškarci,105,38.45
2045,Broj,Muškarci,106,21.96
2045,Broj,Muškarci,107,12.31
2045,Broj,Muškarci,108,6.65
2045,Broj,Muškarci,109,3.38
2045,Broj,Muškarci,110,1.64
2045,Broj,Muškarci,111,0.75
2045,Broj,Muškarci,112,0.34
2045,Broj,Muškarci,113,0.15
2045,Broj,Muškarci,114,0.06
2045,Broj,Muškarci,115,0.03
2045,Broj,Muškarci,116,0.01
2045,Broj,Muškarci,117,0.0
2045,Broj,Muškarci,118,0.0
2045,Broj,Muškarci,119,0.0
2045,Broj,Muškarci,120+,0.0
2045,_%,Muškarci,Total,100.0
2045,_%,Muškarci,0,0.71
2045,_%,Muškarci,1,0.72
2045,_%,Muškarci,2,0.73
2045,_%,Muškarci,3,0.74
2045,_%,Muškarci,4,0.74
2045,_%,Muškarci,5,0.76
2045,_%,Muškarci,6,0.77
2045,_%,Muškarci,7,0.78
2045,_%,Muškarci,8,0.79
2045,_%,Muškarci,9,0.81
2045,_%,Muškarci,10,0.82
2045,_%,Muškarci,11,0.84
2045,_%,Muškarci,12,0.86
2045,_%,Muškarci,13,0.87
2045,_%,Muškarci,14,0.89
2045,_%,Muškarci,15,0.91
2045,_%,Muškarci,16,0.93
2045,_%,Muškarci,17,0.95
2045,_%,Muškarci,18,0.96
2045,_%,Muškarci,19,0.96
2045,_%,Muškarci,20,0.96
2045,_%,Muškarci,21,0.95
2045,_%,Muškarci,22,0.94
2045,_%,Muškarci,23,0.93
2045,_%,Muškarci,24,0.92
2045,_%,Muškarci,25,0.91
2045,_%,Muškarci,26,0.9
2045,_%,Muškarci,27,0.86
2045,_%,Muškarci,28,0.88
2045,_%,Muškarci,29,0.87
2045,_%,Muškarci,30,0.83
2045,_%,Muškarci,31,0.84
2045,_%,Muškarci,32,0.83
2045,_%,Muškarci,33,0.92
2045,_%,Muškarci,34,0.89
2045,_%,Muškarci,35,0.91
2045,_%,Muškarci,36,0.94
2045,_%,Muškarci,37,0.92
2045,_%,Muškarci,38,0.88
2045,_%,Muškarci,39,0.88
2045,_%,Muškarci,40,0.89
2045,_%,Muškarci,41,0.88
2045,_%,Muškarci,42,0.91
2045,_%,Muškarci,43,0.9
2045,_%,Muškarci,44,0.94
2045,_%,Muškarci,45,0.96
2045,_%,Muškarci,46,0.97
2045,_%,Muškarci,47,1.09
2045,_%,Muškarci,48,1.22
2045,_%,Muškarci,49,1.3
2045,_%,Muškarci,50,1.33
2045,_%,Muškarci,51,1.2
2045,_%,Muškarci,52,1.05
2045,_%,Muškarci,53,1.23
2045,_%,Muškarci,54,1.39
2045,_%,Muškarci,55,1.41
2045,_%,Muškarci,56,1.4
2045,_%,Muškarci,57,1.5
2045,_%,Muškarci,58,1.53
2045,_%,Muškarci,59,1.53
2045,_%,Muškarci,60,1.59
2045,_%,Muškarci,61,1.64
2045,_%,Muškarci,62,1.63
2045,_%,Muškarci,63,1.66
2045,_%,Muškarci,64,1.66
2045,_%,Muškarci,65,1.66
2045,_%,Muškarci,66,1.64
2045,_%,Muškarci,67,1.65
2045,_%,Muškarci,68,1.63
2045,_%,Muškarci,69,1.69
2045,_%,Muškarci,70,1.62
2045,_%,Muškarci,71,1.57
2045,_%,Muškarci,72,1.53
2045,_%,Muškarci,73,1.54
2045,_%,Muškarci,74,1.49
2045,_%,Muškarci,75,1.35
2045,_%,Muškarci,76,1.42
2045,_%,Muškarci,77,1.35
2045,_%,Muškarci,78,1.33
2045,_%,Muškarci,79,1.3
2045,_%,Muškarci,80,1.26
2045,_%,Muškarci,81,1.16
2045,_%,Muškarci,82,1.1
2045,_%,Muškarci,83,1.04
2045,_%,Muškarci,84,0.96
2045,_%,Muškarci,85,0.87
2045,_%,Muškarci,86,0.77
2045,_%,Muškarci,87,0.69
2045,_%,Muškarci,88,0.56
2045,_%,Muškarci,89,0.51
2045,_%,Muškarci,90,0.43
2045,_%,Muškarci,91,0.38
2045,_%,Muškarci,92,0.29
2045,_%,Muškarci,93,0.24
2045,_%,Muškarci,94,0.16
2045,_%,Muškarci,95,0.14
2045,_%,Muškarci,96,0.11
2045,_%,Muškarci,97,0.07
2045,_%,Muškarci,98,0.05
2045,_%,Muškarci,99,0.04
2045,_%,Muškarci,100,0.02
2045,_%,Muškarci,101,0.01
2045,_%,Muškarci,102,0.01
2045,_%,Muškarci,103,0.01
2045,_%,Muškarci,104,0.0
2045,_%,Muškarci,105,0.0
2045,_%,Muškarci,106,0.0
2045,_%,Muškarci,107,0.0
2045,_%,Muškarci,108,0.0
2045,_%,Muškarci,109,0.0
2045,_%,Muškarci,110,0.0
2045,_%,Muškarci,111,0.0
2045,_%,Muškarci,112,0.0
2045,_%,Muškarci,113,0.0
2045,_%,Muškarci,114,0.0
2045,_%,Muškarci,115,0.0
2045,_%,Muškarci,116,0.0
2045,_%,Muškarci,117,0.0
2045,_%,Muškarci,118,0.0
2045,_%,Muškarci,119,0.0
2045,_%,Muškarci,120+,0.0
2050,Broj,Muškarci,Total,1070800.58
2050,Broj,Muškarci,0,7623.38
2050,Broj,Muškarci,1,7683.14
2050,Broj,Muškarci,2,7757.76
2050,Broj,Muškarci,3,7845.61
2050,Broj,Muškarci,4,7947.15
2050,Broj,Muškarci,5,8060.34
2050,Broj,Muškarci,6,8182.22
2050,Broj,Muškarci,7,8309.2
2050,Broj,Muškarci,8,8437.9
2050,Broj,Muškarci,9,8567.28
2050,Broj,Muškarci,10,8698.49
2050,Broj,Muškarci,11,8824.91
2050,Broj,Muškarci,12,8961.57
2050,Broj,Muškarci,13,9110.23
2050,Broj,Muškarci,14,9270.42
2050,Broj,Muškarci,15,9436.92
2050,Broj,Muškarci,16,9595.98
2050,Broj,Muškarci,17,9728.19
2050,Broj,Muškarci,18,9817.64
2050,Broj,Muškarci,19,9854.34
2050,Broj,Muškarci,20,9839.9
2050,Broj,Muškarci,21,9761.05
2050,Broj,Muškarci,22,9666.1
2050,Broj,Muškarci,23,9573.13
2050,Broj,Muškarci,24,9490.66
2050,Broj,Muškarci,25,9420.4
2050,Broj,Muškarci,26,9364.22
2050,Broj,Muškarci,27,9320.14
2050,Broj,Muškarci,28,9286.11
2050,Broj,Muškarci,29,9261.98
2050,Broj,Muškarci,30,9238.93
2050,Broj,Muškarci,31,9308.52
2050,Broj,Muškarci,32,8974.08
2050,Broj,Muškarci,33,9242.27
2050,Broj,Muškarci,34,9229.2
2050,Broj,Muškarci,35,8875.33
2050,Broj,Muškarci,36,9095.48
2050,Broj,Muškarci,37,8875.32
2050,Broj,Muškarci,38,9999.66
2050,Broj,Muškarci,39,9637.31
2050,Broj,Muškarci,40,9930.86
2050,Broj,Muškarci,41,10242.11
2050,Broj,Muškarci,42,10118.84
2050,Broj,Muškarci,43,9729.29
2050,Broj,Muškarci,44,9700.45
2050,Broj,Muškarci,45,9900.63
2050,Broj,Muškarci,46,9812.93
2050,Broj,Muškarci,47,10181.65
2050,Broj,Muškarci,48,10125.4
2050,Broj,Muškarci,49,10567.37
2050,Broj,Muškarci,50,10860.64
2050,Broj,Muškarci,51,10954.84
2050,Broj,Muškarci,52,12245.48
2050,Broj,Muškarci,53,13753.5
2050,Broj,Muškarci,54,14669.29
2050,Broj,Muškarci,55,14998.86
2050,Broj,Muškarci,56,13672.32
2050,Broj,Muškarci,57,11986.5
2050,Broj,Muškarci,58,14058.67
2050,Broj,Muškarci,59,15879.97
2050,Broj,Muškarci,60,16028.42
2050,Broj,Muškarci,61,15910.76
2050,Broj,Muškarci,62,17123.32
2050,Broj,Muškarci,63,17373.33
2050,Broj,Muškarci,64,17373.98
2050,Broj,Muškarci,65,17930.48
2050,Broj,Muškarci,66,18385.49
2050,Broj,Muškarci,67,18189.41
2050,Broj,Muškarci,68,18438.62
2050,Broj,Muškarci,69,18273.24
2050,Broj,Muškarci,70,18148.59
2050,Broj,Muškarci,71,17752.08
2050,Broj,Muškarci,72,17736.37
2050,Broj,Muškarci,73,17289.37
2050,Broj,Muškarci,74,17668.55
2050,Broj,Muškarci,75,16738.81
2050,Broj,Muškarci,76,15980.13
2050,Broj,Muškarci,77,15356.99
2050,Broj,Muškarci,78,15178.09
2050,Broj,Muškarci,79,14471.48
2050,Broj,Muškarci,80,12869.97
2050,Broj,Muškarci,81,13215.52
2050,Broj,Muškarci,82,12315.41
2050,Broj,Muškarci,83,11826.74
2050,Broj,Muškarci,84,11198.49
2050,Broj,Muškarci,85,10600.83
2050,Broj,Muškarci,86,9436.96
2050,Broj,Muškarci,87,8645.13
2050,Broj,Muškarci,88,7866.58
2050,Broj,Muškarci,89,6952.4
2050,Broj,Muškarci,90,6048.24
2050,Broj,Muškarci,91,5067.6
2050,Broj,Muškarci,92,4313.11
2050,Broj,Muškarci,93,3310.18
2050,Broj,Muškarci,94,2852.68
2050,Broj,Muškarci,95,2245.11
2050,Broj,Muškarci,96,1835.93
2050,Broj,Muškarci,97,1330.81
2050,Broj,Muškarci,98,1006.71
2050,Broj,Muškarci,99,624.76
2050,Broj,Muškarci,100,478.96
2050,Broj,Muškarci,101,334.82
2050,Broj,Muškarci,102,200.91
2050,Broj,Muškarci,103,135.48
2050,Broj,Muškarci,104,80.19
2050,Broj,Muškarci,105,40.88
2050,Broj,Muškarci,106,23.85
2050,Broj,Muškarci,107,14.03
2050,Broj,Muškarci,108,8.41
2050,Broj,Muškarci,109,4.99
2050,Broj,Muškarci,110,2.84
2050,Broj,Muškarci,111,1.35
2050,Broj,Muškarci,112,0.63
2050,Broj,Muškarci,113,0.29
2050,Broj,Muškarci,114,0.12
2050,Broj,Muškarci,115,0.05
2050,Broj,Muškarci,116,0.02
2050,Broj,Muškarci,117,0.01
2050,Broj,Muškarci,118,0.0
2050,Broj,Muškarci,119,0.0
2050,Broj,Muškarci,120+,0.0
2050,_%,Muškarci,Total,100.0
2050,_%,Muškarci,0,0.71
2050,_%,Muškarci,1,0.72
2050,_%,Muškarci,2,0.72
2050,_%,Muškarci,3,0.73
2050,_%,Muškarci,4,0.74
2050,_%,Muškarci,5,0.75
2050,_%,Muškarci,6,0.76
2050,_%,Muškarci,7,0.78
2050,_%,Muškarci,8,0.79
2050,_%,Muškarci,9,0.8
2050,_%,Muškarci,10,0.81
2050,_%,Muškarci,11,0.82
2050,_%,Muškarci,12,0.84
2050,_%,Muškarci,13,0.85
2050,_%,Muškarci,14,0.87
2050,_%,Muškarci,15,0.88
2050,_%,Muškarci,16,0.9
2050,_%,Muškarci,17,0.91
2050,_%,Muškarci,18,0.92
2050,_%,Muškarci,19,0.92
2050,_%,Muškarci,20,0.92
2050,_%,Muškarci,21,0.91
2050,_%,Muškarci,22,0.9
2050,_%,Muškarci,23,0.89
2050,_%,Muškarci,24,0.89
2050,_%,Muškarci,25,0.88
2050,_%,Muškarci,26,0.87
2050,_%,Muškarci,27,0.87
2050,_%,Muškarci,28,0.87
2050,_%,Muškarci,29,0.86
2050,_%,Muškarci,30,0.86
2050,_%,Muškarci,31,0.87
2050,_%,Muškarci,32,0.84
2050,_%,Muškarci,33,0.86
2050,_%,Muškarci,34,0.86
2050,_%,Muškarci,35,0.83
2050,_%,Muškarci,36,0.85
2050,_%,Muškarci,37,0.83
2050,_%,Muškarci,38,0.93
2050,_%,Muškarci,39,0.9
2050,_%,Muškarci,40,0.93
2050,_%,Muškarci,41,0.96
2050,_%,Muškarci,42,0.94
2050,_%,Muškarci,43,0.91
2050,_%,Muškarci,44,0.91
2050,_%,Muškarci,45,0.92
2050,_%,Muškarci,46,0.92
2050,_%,Muškarci,47,0.95
2050,_%,Muškarci,48,0.95
2050,_%,Muškarci,49,0.99
2050,_%,Muškarci,50,1.01
2050,_%,Muškarci,51,1.02
2050,_%,Muškarci,52,1.14
2050,_%,Muškarci,53,1.28
2050,_%,Muškarci,54,1.37
2050,_%,Muškarci,55,1.4
2050,_%,Muškarci,56,1.28
2050,_%,Muškarci,57,1.12
2050,_%,Muškarci,58,1.31
2050,_%,Muškarci,59,1.48
2050,_%,Muškarci,60,1.5
2050,_%,Muškarci,61,1.49
2050,_%,Muškarci,62,1.6
2050,_%,Muškarci,63,1.62
2050,_%,Muškarci,64,1.62
2050,_%,Muškarci,65,1.67
2050,_%,Muškarci,66,1.72
2050,_%,Muškarci,67,1.7
2050,_%,Muškarci,68,1.72
2050,_%,Muškarci,69,1.71
2050,_%,Muškarci,70,1.69
2050,_%,Muškarci,71,1.66
2050,_%,Muškarci,72,1.66
2050,_%,Muškarci,73,1.61
2050,_%,Muškarci,74,1.65
2050,_%,Muškarci,75,1.56
2050,_%,Muškarci,76,1.49
2050,_%,Muškarci,77,1.43
2050,_%,Muškarci,78,1.42
2050,_%,Muškarci,79,1.35
2050,_%,Muškarci,80,1.2
2050,_%,Muškarci,81,1.23
2050,_%,Muškarci,82,1.15
2050,_%,Muškarci,83,1.1
2050,_%,Muškarci,84,1.05
2050,_%,Muškarci,85,0.99
2050,_%,Muškarci,86,0.88
2050,_%,Muškarci,87,0.81
2050,_%,Muškarci,88,0.73
2050,_%,Muškarci,89,0.65
2050,_%,Muškarci,90,0.56
2050,_%,Muškarci,91,0.47
2050,_%,Muškarci,92,0.4
2050,_%,Muškarci,93,0.31
2050,_%,Muškarci,94,0.27
2050,_%,Muškarci,95,0.21
2050,_%,Muškarci,96,0.17
2050,_%,Muškarci,97,0.12
2050,_%,Muškarci,98,0.09
2050,_%,Muškarci,99,0.06
2050,_%,Muškarci,100,0.04
2050,_%,Muškarci,101,0.03
2050,_%,Muškarci,102,0.02
2050,_%,Muškarci,103,0.01
2050,_%,Muškarci,104,0.01
2050,_%,Muškarci,105,0.0
2050,_%,Muškarci,106,0.0
2050,_%,Muškarci,107,0.0
2050,_%,Muškarci,108,0.0
2050,_%,Muškarci,109,0.0
2050,_%,Muškarci,110,0.0
2050,_%,Muškarci,111,0.0
2050,_%,Muškarci,112,0.0
2050,_%,Muškarci,113,0.0
2050,_%,Muškarci,114,0.0
2050,_%,Muškarci,115,0.0
2050,_%,Muškarci,116,0.0
2050,_%,Muškarci,117,0.0
2050,_%,Muškarci,118,0.0
2050,_%,Muškarci,119,0.0
2050,_%,Muškarci,120+,0.0
2055,Broj,Muškarci,Total,972050.87
2055,Broj,Muškarci,0,6888.46
2055,Broj,Muškarci,1,6952.29
2055,Broj,Muškarci,2,7028.65
2055,Broj,Muškarci,3,7115.95
2055,Broj,Muškarci,4,7214.15
2055,Broj,Muškarci,5,7321.56
2055,Broj,Muškarci,6,7434.07
2055,Broj,Muškarci,7,7550.6
2055,Broj,Muškarci,8,7668.75
2055,Broj,Muškarci,9,7786.95
2055,Broj,Muškarci,10,7905.01
2055,Broj,Muškarci,11,8023.86
2055,Broj,Muškarci,12,8144.49
2055,Broj,Muškarci,13,8266.63
2055,Broj,Muškarci,14,8389.75
2055,Broj,Muškarci,15,8511.27
2055,Broj,Muškarci,16,8611.2
2055,Broj,Muškarci,17,8684.94
2055,Broj,Muškarci,18,8720.28
2055,Broj,Muškarci,19,8709.98
2055,Broj,Muškarci,20,8653.82
2055,Broj,Muškarci,21,8566.05
2055,Broj,Muškarci,22,8468.97
2055,Broj,Muškarci,23,8381.1
2055,Broj,Muškarci,24,8310.45
2055,Broj,Muškarci,25,8260.98
2055,Broj,Muškarci,26,8207.27
2055,Broj,Muškarci,27,8173.3
2055,Broj,Muškarci,28,8156.3
2055,Broj,Muškarci,29,8157.44
2055,Broj,Muškarci,30,8177.33
2055,Broj,Muškarci,31,8214.34
2055,Broj,Muškarci,32,8260.89
2055,Broj,Muškarci,33,8310.17
2055,Broj,Muškarci,34,8357.9
2055,Broj,Muškarci,35,8389.31
2055,Broj,Muškarci,36,8509.35
2055,Broj,Muškarci,37,8224.18
2055,Broj,Muškarci,38,8516.95
2055,Broj,Muškarci,39,8536.87
2055,Broj,Muškarci,40,8232.19
2055,Broj,Muškarci,41,8491.4
2055,Broj,Muškarci,42,8283.5
2055,Broj,Muškarci,43,9395.4
2055,Broj,Muškarci,44,9058.09
2055,Broj,Muškarci,45,9377.18
2055,Broj,Muškarci,46,9701.9
2055,Broj,Muškarci,47,9618.71
2055,Broj,Muškarci,48,9283.95
2055,Broj,Muškarci,49,9292.71
2055,Broj,Muškarci,50,9519.0
2055,Broj,Muškarci,51,9459.81
2055,Broj,Muškarci,52,9847.97
2055,Broj,Muškarci,53,9812.71
2055,Broj,Muškarci,54,10260.01
2055,Broj,Muškarci,55,10559.24
2055,Broj,Muškarci,56,10656.77
2055,Broj,Muškarci,57,11903.32
2055,Broj,Muškarci,58,13355.08
2055,Broj,Muškarci,59,14246.22
2055,Broj,Muškarci,60,14590.91
2055,Broj,Muškarci,61,13349.58
2055,Broj,Muškarci,62,11747.19
2055,Broj,Muškarci,63,13715.19
2055,Broj,Muškarci,64,15408.61
2055,Broj,Muškarci,65,15497.5
2055,Broj,Muškarci,66,15321.49
2055,Broj,Muškarci,67,16380.31
2055,Broj,Muškarci,68,16512.22
2055,Broj,Muškarci,69,16400.92
2055,Broj,Muškarci,70,16791.53
2055,Broj,Muškarci,71,17066.56
2055,Broj,Muškarci,72,16720.51
2055,Broj,Muškarci,73,16761.21
2055,Broj,Muškarci,74,16407.61
2055,Broj,Muškarci,75,16079.09
2055,Broj,Muškarci,76,15512.05
2055,Broj,Muškarci,77,15284.55
2055,Broj,Muškarci,78,14680.84
2055,Broj,Muškarci,79,14765.23
2055,Broj,Muškarci,80,13753.67
2055,Broj,Muškarci,81,12883.54
2055,Broj,Muškarci,82,12116.68
2055,Broj,Muškarci,83,11694.72
2055,Broj,Muškarci,84,10867.34
2055,Broj,Muškarci,85,9396.92
2055,Broj,Muškarci,86,9363.28
2055,Broj,Muškarci,87,8443.71
2055,Broj,Muškarci,88,7827.17
2055,Broj,Muškarci,89,7126.87
2055,Broj,Muškarci,90,6467.77
2055,Broj,Muškarci,91,5502.93
2055,Broj,Muškarci,92,4798.03
2055,Broj,Muškarci,93,4134.61
2055,Broj,Muškarci,94,3441.77
2055,Broj,Muškarci,95,2811.0
2055,Broj,Muškarci,96,2204.4
2055,Broj,Muškarci,97,1748.25
2055,Broj,Muškarci,98,1242.72
2055,Broj,Muškarci,99,987.75
2055,Broj,Muškarci,100,710.33
2055,Broj,Muškarci,101,525.41
2055,Broj,Muškarci,102,342.02
2055,Broj,Muškarci,103,230.79
2055,Broj,Muškarci,104,126.91
2055,Broj,Muškarci,105,85.44
2055,Broj,Muškarci,106,51.76
2055,Broj,Muškarci,107,26.5
2055,Broj,Muškarci,108,15.04
2055,Broj,Muškarci,109,7.41
2055,Broj,Muškarci,110,3.13
2055,Broj,Muškarci,111,1.51
2055,Broj,Muškarci,112,0.74
2055,Broj,Muškarci,113,0.37
2055,Broj,Muškarci,114,0.19
2055,Broj,Muškarci,115,0.09
2055,Broj,Muškarci,116,0.04
2055,Broj,Muškarci,117,0.01
2055,Broj,Muškarci,118,0.01
2055,Broj,Muškarci,119,0.0
2055,Broj,Muškarci,120+,0.0
2055,_%,Muškarci,Total,100.0
2055,_%,Muškarci,0,0.71
2055,_%,Muškarci,1,0.72
2055,_%,Muškarci,2,0.72
2055,_%,Muškarci,3,0.73
2055,_%,Muškarci,4,0.74
2055,_%,Muškarci,5,0.75
2055,_%,Muškarci,6,0.76
2055,_%,Muškarci,7,0.78
2055,_%,Muškarci,8,0.79
2055,_%,Muškarci,9,0.8
2055,_%,Muškarci,10,0.81
2055,_%,Muškarci,11,0.83
2055,_%,Muškarci,12,0.84
2055,_%,Muškarci,13,0.85
2055,_%,Muškarci,14,0.86
2055,_%,Muškarci,15,0.88
2055,_%,Muškarci,16,0.89
2055,_%,Muškarci,17,0.89
2055,_%,Muškarci,18,0.9
2055,_%,Muškarci,19,0.9
2055,_%,Muškarci,20,0.89
2055,_%,Muškarci,21,0.88
2055,_%,Muškarci,22,0.87
2055,_%,Muškarci,23,0.86
2055,_%,Muškarci,24,0.85
2055,_%,Muškarci,25,0.85
2055,_%,Muškarci,26,0.84
2055,_%,Muškarci,27,0.84
2055,_%,Muškarci,28,0.84
2055,_%,Muškarci,29,0.84
2055,_%,Muškarci,30,0.84
2055,_%,Muškarci,31,0.85
2055,_%,Muškarci,32,0.85
2055,_%,Muškarci,33,0.85
2055,_%,Muškarci,34,0.86
2055,_%,Muškarci,35,0.86
2055,_%,Muškarci,36,0.88
2055,_%,Muškarci,37,0.85
2055,_%,Muškarci,38,0.88
2055,_%,Muškarci,39,0.88
2055,_%,Muškarci,40,0.85
2055,_%,Muškarci,41,0.87
2055,_%,Muškarci,42,0.85
2055,_%,Muškarci,43,0.97
2055,_%,Muškarci,44,0.93
2055,_%,Muškarci,45,0.96
2055,_%,Muškarci,46,1.0
2055,_%,Muškarci,47,0.99
2055,_%,Muškarci,48,0.96
2055,_%,Muškarci,49,0.96
2055,_%,Muškarci,50,0.98
2055,_%,Muškarci,51,0.97
2055,_%,Muškarci,52,1.01
2055,_%,Muškarci,53,1.01
2055,_%,Muškarci,54,1.06
2055,_%,Muškarci,55,1.09
2055,_%,Muškarci,56,1.1
2055,_%,Muškarci,57,1.22
2055,_%,Muškarci,58,1.37
2055,_%,Muškarci,59,1.47
2055,_%,Muškarci,60,1.5
2055,_%,Muškarci,61,1.37
2055,_%,Muškarci,62,1.21
2055,_%,Muškarci,63,1.41
2055,_%,Muškarci,64,1.59
2055,_%,Muškarci,65,1.59
2055,_%,Muškarci,66,1.58
2055,_%,Muškarci,67,1.69
2055,_%,Muškarci,68,1.7
2055,_%,Muškarci,69,1.69
2055,_%,Muškarci,70,1.73
2055,_%,Muškarci,71,1.76
2055,_%,Muškarci,72,1.72
2055,_%,Muškarci,73,1.72
2055,_%,Muškarci,74,1.69
2055,_%,Muškarci,75,1.65
2055,_%,Muškarci,76,1.6
2055,_%,Muškarci,77,1.57
2055,_%,Muškarci,78,1.51
2055,_%,Muškarci,79,1.52
2055,_%,Muškarci,80,1.41
2055,_%,Muškarci,81,1.33
2055,_%,Muškarci,82,1.25
2055,_%,Muškarci,83,1.2
2055,_%,Muškarci,84,1.12
2055,_%,Muškarci,85,0.97
2055,_%,Muškarci,86,0.96
2055,_%,Muškarci,87,0.87
2055,_%,Muškarci,88,0.81
2055,_%,Muškarci,89,0.73
2055,_%,Muškarci,90,0.67
2055,_%,Muškarci,91,0.57
2055,_%,Muškarci,92,0.49
2055,_%,Muškarci,93,0.43
2055,_%,Muškarci,94,0.35
2055,_%,Muškarci,95,0.29
2055,_%,Muškarci,96,0.23
2055,_%,Muškarci,97,0.18
2055,_%,Muškarci,98,0.13
2055,_%,Muškarci,99,0.1
2055,_%,Muškarci,100,0.07
2055,_%,Muškarci,101,0.05
2055,_%,Muškarci,102,0.04
2055,_%,Muškarci,103,0.02
2055,_%,Muškarci,104,0.01
2055,_%,Muškarci,105,0.01
2055,_%,Muškarci,106,0.01
2055,_%,Muškarci,107,0.0
2055,_%,Muškarci,108,0.0
2055,_%,Muškarci,109,0.0
2055,_%,Muškarci,110,0.0
2055,_%,Muškarci,111,0.0
2055,_%,Muškarci,112,0.0
2055,_%,Muškarci,113,0.0
2055,_%,Muškarci,114,0.0
2055,_%,Muškarci,115,0.0
2055,_%,Muškarci,116,0.0
2055,_%,Muškarci,117,0.0
2055,_%,Muškarci,118,0.0
2055,_%,Muškarci,119,0.0
2055,_%,Muškarci,120+,0.0
2060,Broj,Muškarci,Total,878275.53
2060,Broj,Muškarci,0,6181.21
2060,Broj,Muškarci,1,6245.84
2060,Broj,Muškarci,2,6323.13
2060,Broj,Muškarci,3,6411.05
2060,Broj,Muškarci,4,6508.73
2060,Broj,Muškarci,5,6613.89
2060,Broj,Muškarci,6,6724.24
2060,Broj,Muškarci,7,6837.64
2060,Broj,Muškarci,8,6951.64
2060,Broj,Muškarci,9,7064.42
2060,Broj,Muškarci,10,7175.97
2060,Broj,Muškarci,11,7285.64
2060,Broj,Muškarci,12,7396.44
2060,Broj,Muškarci,13,7508.67
2060,Broj,Muškarci,14,7621.18
2060,Broj,Muškarci,15,7730.36
2060,Broj,Muškarci,16,7824.99
2060,Broj,Muškarci,17,7888.53
2060,Broj,Muškarci,18,7908.58
2060,Broj,Muškarci,19,7878.96
2060,Broj,Muškarci,20,7802.54
2060,Broj,Muškarci,21,7685.51
2060,Broj,Muškarci,22,7560.7
2060,Broj,Muškarci,23,7445.95
2060,Broj,Muškarci,24,7349.38
2060,Broj,Muškarci,25,7270.66
2060,Broj,Muškarci,26,7210.61
2060,Broj,Muškarci,27,7170.21
2060,Broj,Muškarci,28,7150.29
2060,Broj,Muškarci,29,7152.12
2060,Broj,Muškarci,30,7180.19
2060,Broj,Muškarci,31,7207.58
2060,Broj,Muškarci,32,7252.16
2060,Broj,Muškarci,33,7306.01
2060,Broj,Muškarci,34,7366.37
2060,Broj,Muškarci,35,7431.35
2060,Broj,Muškarci,36,7500.97
2060,Broj,Muškarci,37,7573.5
2060,Broj,Muškarci,38,7645.26
2060,Broj,Muškarci,39,7714.37
2060,Broj,Muškarci,40,7767.92
2060,Broj,Muškarci,41,7921.5
2060,Broj,Muškarci,42,7677.27
2060,Broj,Muškarci,43,7995.43
2060,Broj,Muškarci,44,8050.97
2060,Broj,Muškarci,45,7790.87
2060,Broj,Muškarci,46,8077.98
2060,Broj,Muškarci,47,7876.75
2060,Broj,Muškarci,48,8972.17
2060,Broj,Muškarci,49,8651.93
2060,Broj,Muškarci,50,8989.32
2060,Broj,Muškarci,51,9328.15
2060,Broj,Muškarci,52,9281.73
2060,Broj,Muškarci,53,8993.33
2060,Broj,Muškarci,54,9030.2
2060,Broj,Muškarci,55,9271.81
2060,Broj,Muškarci,56,9231.56
2060,Broj,Muškarci,57,9629.33
2060,Broj,Muškarci,58,9612.35
2060,Broj,Muškarci,59,10063.96
2060,Broj,Muškarci,60,10369.29
2060,Broj,Muškarci,61,10470.73
2060,Broj,Muškarci,62,11663.02
2060,Broj,Muškarci,63,13034.08
2060,Broj,Muškarci,64,13854.21
2060,Broj,Muškarci,65,14146.04
2060,Broj,Muškarci,66,12927.38
2060,Broj,Muškarci,67,11355.71
2060,Broj,Muškarci,68,13129.5
2060,Broj,Muškarci,69,14615.45
2060,Broj,Muškarci,70,14589.35
2060,Broj,Muškarci,71,14305.94
2060,Broj,Muškarci,72,15142.23
2060,Broj,Muškarci,73,15102.3
2060,Broj,Muškarci,74,14827.08
2060,Broj,Muškarci,75,14988.11
2060,Broj,Muškarci,76,15035.75
2060,Broj,Muškarci,77,14539.2
2060,Broj,Muškarci,78,14373.61
2060,Broj,Muškarci,79,13860.21
2060,Broj,Muškarci,80,13366.75
2060,Broj,Muškarci,81,12664.95
2060,Broj,Muškarci,82,12227.47
2060,Broj,Muškarci,83,11483.5
2060,Broj,Muškarci,84,11271.78
2060,Broj,Muškarci,85,10225.19
2060,Broj,Muškarci,86,9308.61
2060,Broj,Muškarci,87,8487.43
2060,Broj,Muškarci,88,7921.53
2060,Broj,Muškarci,89,7092.67
2060,Broj,Muškarci,90,5887.77
2060,Broj,Muškarci,91,5621.37
2060,Broj,Muškarci,92,4832.34
2060,Broj,Muškarci,93,4250.75
2060,Broj,Muškarci,94,3652.56
2060,Broj,Muškarci,95,3118.55
2060,Broj,Muškarci,96,2487.76
2060,Broj,Muškarci,97,2024.43
2060,Broj,Muškarci,98,1619.33
2060,Broj,Muškarci,99,1244.59
2060,Broj,Muškarci,100,930.02
2060,Broj,Muškarci,101,660.3
2060,Broj,Muškarci,102,470.56
2060,Broj,Muškarci,103,298.47
2060,Broj,Muškarci,104,210.21
2060,Broj,Muškarci,105,132.67
2060,Broj,Muškarci,106,84.93
2060,Broj,Muškarci,107,47.06
2060,Broj,Muškarci,108,26.64
2060,Broj,Muškarci,109,12.15
2060,Broj,Muškarci,110,6.73
2060,Broj,Muškarci,111,3.36
2060,Broj,Muškarci,112,1.42
2060,Broj,Muškarci,113,0.67
2060,Broj,Muškarci,114,0.28
2060,Broj,Muškarci,115,0.1
2060,Broj,Muškarci,116,0.04
2060,Broj,Muškarci,117,0.02
2060,Broj,Muškarci,118,0.01
2060,Broj,Muškarci,119,0.0
2060,Broj,Muškarci,120+,0.0
2060,_%,Muškarci,Total,100.0
2060,_%,Muškarci,0,0.7
2060,_%,Muškarci,1,0.71
2060,_%,Muškarci,2,0.72
2060,_%,Muškarci,3,0.73
2060,_%,Muškarci,4,0.74
2060,_%,Muškarci,5,0.75
2060,_%,Muškarci,6,0.77
2060,_%,Muškarci,7,0.78
2060,_%,Muškarci,8,0.79
2060,_%,Muškarci,9,0.8
2060,_%,Muškarci,10,0.82
2060,_%,Muškarci,11,0.83
2060,_%,Muškarci,12,0.84
2060,_%,Muškarci,13,0.85
2060,_%,Muškarci,14,0.87
2060,_%,Muškarci,15,0.88
2060,_%,Muškarci,16,0.89
2060,_%,Muškarci,17,0.9
2060,_%,Muškarci,18,0.9
2060,_%,Muškarci,19,0.9
2060,_%,Muškarci,20,0.89
2060,_%,Muškarci,21,0.88
2060,_%,Muškarci,22,0.86
2060,_%,Muškarci,23,0.85
2060,_%,Muškarci,24,0.84
2060,_%,Muškarci,25,0.83
2060,_%,Muškarci,26,0.82
2060,_%,Muškarci,27,0.82
2060,_%,Muškarci,28,0.81
2060,_%,Muškarci,29,0.81
2060,_%,Muškarci,30,0.82
2060,_%,Muškarci,31,0.82
2060,_%,Muškarci,32,0.83
2060,_%,Muškarci,33,0.83
2060,_%,Muškarci,34,0.84
2060,_%,Muškarci,35,0.85
2060,_%,Muškarci,36,0.85
2060,_%,Muškarci,37,0.86
2060,_%,Muškarci,38,0.87
2060,_%,Muškarci,39,0.88
2060,_%,Muškarci,40,0.88
2060,_%,Muškarci,41,0.9
2060,_%,Muškarci,42,0.87
2060,_%,Muškarci,43,0.91
2060,_%,Muškarci,44,0.92
2060,_%,Muškarci,45,0.89
2060,_%,Muškarci,46,0.92
2060,_%,Muškarci,47,0.9
2060,_%,Muškarci,48,1.02
2060,_%,Muškarci,49,0.99
2060,_%,Muškarci,50,1.02
2060,_%,Muškarci,51,1.06
2060,_%,Muškarci,52,1.06
2060,_%,Muškarci,53,1.02
2060,_%,Muškarci,54,1.03
2060,_%,Muškarci,55,1.06
2060,_%,Muškarci,56,1.05
2060,_%,Muškarci,57,1.1
2060,_%,Muškarci,58,1.09
2060,_%,Muškarci,59,1.15
2060,_%,Muškarci,60,1.18
2060,_%,Muškarci,61,1.19
2060,_%,Muškarci,62,1.33
2060,_%,Muškarci,63,1.48
2060,_%,Muškarci,64,1.58
2060,_%,Muškarci,65,1.61
2060,_%,Muškarci,66,1.47
2060,_%,Muškarci,67,1.29
2060,_%,Muškarci,68,1.49
2060,_%,Muškarci,69,1.66
2060,_%,Muškarci,70,1.66
2060,_%,Muškarci,71,1.63
2060,_%,Muškarci,72,1.72
2060,_%,Muškarci,73,1.72
2060,_%,Muškarci,74,1.69
2060,_%,Muškarci,75,1.71
2060,_%,Muškarci,76,1.71
2060,_%,Muškarci,77,1.66
2060,_%,Muškarci,78,1.64
2060,_%,Muškarci,79,1.58
2060,_%,Muškarci,80,1.52
2060,_%,Muškarci,81,1.44
2060,_%,Muškarci,82,1.39
2060,_%,Muškarci,83,1.31
2060,_%,Muškarci,84,1.28
2060,_%,Muškarci,85,1.16
2060,_%,Muškarci,86,1.06
2060,_%,Muškarci,87,0.97
2060,_%,Muškarci,88,0.9
2060,_%,Muškarci,89,0.81
2060,_%,Muškarci,90,0.67
2060,_%,Muškarci,91,0.64
2060,_%,Muškarci,92,0.55
2060,_%,Muškarci,93,0.48
2060,_%,Muškarci,94,0.42
2060,_%,Muškarci,95,0.36
2060,_%,Muškarci,96,0.28
2060,_%,Muškarci,97,0.23
2060,_%,Muškarci,98,0.18
2060,_%,Muškarci,99,0.14
2060,_%,Muškarci,100,0.11
2060,_%,Muškarci,101,0.08
2060,_%,Muškarci,102,0.05
2060,_%,Muškarci,103,0.03
2060,_%,Muškarci,104,0.02
2060,_%,Muškarci,105,0.02
2060,_%,Muškarci,106,0.01
2060,_%,Muškarci,107,0.01
2060,_%,Muškarci,108,0.0
2060,_%,Muškarci,109,0.0
2060,_%,Muškarci,110,0.0
2060,_%,Muškarci,111,0.0
2060,_%,Muškarci,112,0.0
2060,_%,Muškarci,113,0.0
2060,_%,Muškarci,114,0.0
2060,_%,Muškarci,115,0.0
2060,_%,Muškarci,116,0.0
2060,_%,Muškarci,117,0.0
2060,_%,Muškarci,118,0.0
2060,_%,Muškarci,119,0.0
2060,_%,Muškarci,120+,0.0
2065,Broj,Muškarci,Total,790550.01
2065,Broj,Muškarci,0,5540.33
2065,Broj,Muškarci,1,5594.71
2065,Broj,Muškarci,2,5662.4
2065,Broj,Muškarci,3,5742.14
2065,Broj,Muškarci,4,5833.63
2065,Broj,Muškarci,5,5934.72
2065,Broj,Muškarci,6,6040.47
2065,Broj,Muškarci,7,6150.45
2065,Broj,Muškarci,8,6261.81
2065,Broj,Muškarci,9,6372.09
2065,Broj,Muškarci,10,6480.51
2065,Broj,Muškarci,11,6587.9
2065,Broj,Muškarci,12,6695.76
2065,Broj,Muškarci,13,6804.12
2065,Broj,Muškarci,14,6911.49
2065,Broj,Muškarci,15,7014.76
2065,Broj,Muškarci,16,7102.27
2065,Broj,Muškarci,17,7161.07
2065,Broj,Muškarci,18,7180.43
2065,Broj,Muškarci,19,7154.13
2065,Broj,Muškarci,20,7083.36
2065,Broj,Muškarci,21,6980.57
2065,Broj,Muškarci,22,6863.99
2065,Broj,Muškarci,23,6749.37
2065,Broj,Muškarci,24,6644.77
2065,Broj,Muškarci,25,6553.21
2065,Broj,Muškarci,26,6468.51
2065,Broj,Muškarci,27,6402.7
2065,Broj,Muškarci,28,6356.37
2065,Broj,Muškarci,29,6331.31
2065,Broj,Muškarci,30,6326.76
2065,Broj,Muškarci,31,6341.24
2065,Broj,Muškarci,32,6371.41
2065,Broj,Muškarci,33,6414.42
2065,Broj,Muškarci,34,6467.89
2065,Broj,Muškarci,35,6534.83
2065,Broj,Muškarci,36,6590.67
2065,Broj,Muškarci,37,6657.52
2065,Broj,Muškarci,38,6729.46
2065,Broj,Muškarci,39,6805.63
2065,Broj,Muškarci,40,6888.23
2065,Broj,Muškarci,41,6979.12
2065,Broj,Muškarci,42,7074.53
2065,Broj,Muškarci,43,7170.43
2065,Broj,Muškarci,44,7265.91
2065,Broj,Muškarci,45,7342.68
2065,Broj,Muškarci,46,7520.22
2065,Broj,Muškarci,47,7303.4
2065,Broj,Muškarci,48,7635.39
2065,Broj,Muškarci,49,7713.62
2065,Broj,Muškarci,50,7487.83
2065,Broj,Muškarci,51,7799.4
2065,Broj,Muškarci,52,7612.67
2065,Broj,Muškarci,53,8695.69
2065,Broj,Muškarci,54,8392.73
2065,Broj,Muškarci,55,8740.39
2065,Broj,Muškarci,56,9085.5
2065,Broj,Muškarci,57,9065.2
2065,Broj,Muškarci,58,8813.76
2065,Broj,Muškarci,59,8874.22
2065,Broj,Muškarci,60,9128.21
2065,Broj,Muškarci,61,9102.72
2065,Broj,Muškarci,62,9493.99
2065,Broj,Muškarci,63,9474.7
2065,Broj,Muškarci,64,9893.73
2065,Broj,Muškarci,65,10158.22
2065,Broj,Muškarci,66,10212.99
2065,Broj,Muškarci,67,11284.78
2065,Broj,Muškarci,68,12503.5
2065,Broj,Muškarci,69,13189.33
2065,Broj,Muškarci,70,13372.53
2065,Broj,Muškarci,71,12142.8
2065,Broj,Muškarci,72,10584.72
2065,Broj,Muškarci,73,12095.14
2065,Broj,Muškarci,74,13302.64
2065,Broj,Muškarci,75,13120.25
2065,Broj,Muškarci,76,12708.3
2065,Broj,Muškarci,77,13283.72
2065,Broj,Muškarci,78,13074.55
2065,Broj,Muškarci,79,12654.13
2065,Broj,Muškarci,80,12597.09
2065,Broj,Muškarci,81,12422.36
2065,Broj,Muškarci,82,11782.18
2065,Broj,Muškarci,83,11403.86
2065,Broj,Muškarci,84,10745.07
2065,Broj,Muškarci,85,10106.32
2065,Broj,Muškarci,86,9319.1
2065,Broj,Muškarci,87,8736.89
2065,Broj,Muškarci,88,7945.63
2065,Broj,Muškarci,89,7528.12
2065,Broj,Muškarci,90,6569.38
2065,Broj,Muškarci,91,5737.83
2065,Broj,Muškarci,92,4997.2
2065,Broj,Muškarci,93,4434.2
2065,Broj,Muškarci,94,3754.36
2065,Broj,Muškarci,95,2934.2
2065,Broj,Muškarci,96,2634.35
2065,Broj,Muškarci,97,2115.82
2065,Broj,Muškarci,98,1730.37
2065,Broj,Muškarci,99,1374.68
2065,Broj,Muškarci,100,1074.98
2065,Broj,Muškarci,101,777.02
2065,Broj,Muškarci,102,568.5
2065,Broj,Muškarci,103,405.88
2065,Broj,Muškarci,104,276.41
2065,Broj,Muškarci,105,181.19
2065,Broj,Muškarci,106,111.19
2065,Broj,Muškarci,107,67.31
2065,Broj,Muškarci,108,35.71
2065,Broj,Muškarci,109,20.77
2065,Broj,Muškarci,110,10.74
2065,Broj,Muškarci,111,5.64
2065,Broj,Muškarci,112,2.57
2065,Broj,Muškarci,113,1.21
2065,Broj,Muškarci,114,0.46
2065,Broj,Muškarci,115,0.22
2065,Broj,Muškarci,116,0.09
2065,Broj,Muškarci,117,0.03
2065,Broj,Muškarci,118,0.01
2065,Broj,Muškarci,119,0.01
2065,Broj,Muškarci,120+,0.0
2065,_%,Muškarci,Total,100.0
2065,_%,Muškarci,0,0.7
2065,_%,Muškarci,1,0.71
2065,_%,Muškarci,2,0.72
2065,_%,Muškarci,3,0.73
2065,_%,Muškarci,4,0.74
2065,_%,Muškarci,5,0.75
2065,_%,Muškarci,6,0.76
2065,_%,Muškarci,7,0.78
2065,_%,Muškarci,8,0.79
2065,_%,Muškarci,9,0.81
2065,_%,Muškarci,10,0.82
2065,_%,Muškarci,11,0.83
2065,_%,Muškarci,12,0.85
2065,_%,Muškarci,13,0.86
2065,_%,Muškarci,14,0.87
2065,_%,Muškarci,15,0.89
2065,_%,Muškarci,16,0.9
2065,_%,Muškarci,17,0.91
2065,_%,Muškarci,18,0.91
2065,_%,Muškarci,19,0.9
2065,_%,Muškarci,20,0.9
2065,_%,Muškarci,21,0.88
2065,_%,Muškarci,22,0.87
2065,_%,Muškarci,23,0.85
2065,_%,Muškarci,24,0.84
2065,_%,Muškarci,25,0.83
2065,_%,Muškarci,26,0.82
2065,_%,Muškarci,27,0.81
2065,_%,Muškarci,28,0.8
2065,_%,Muškarci,29,0.8
2065,_%,Muškarci,30,0.8
2065,_%,Muškarci,31,0.8
2065,_%,Muškarci,32,0.81
2065,_%,Muškarci,33,0.81
2065,_%,Muškarci,34,0.82
2065,_%,Muškarci,35,0.83
2065,_%,Muškarci,36,0.83
2065,_%,Muškarci,37,0.84
2065,_%,Muškarci,38,0.85
2065,_%,Muškarci,39,0.86
2065,_%,Muškarci,40,0.87
2065,_%,Muškarci,41,0.88
2065,_%,Muškarci,42,0.89
2065,_%,Muškarci,43,0.91
2065,_%,Muškarci,44,0.92
2065,_%,Muškarci,45,0.93
2065,_%,Muškarci,46,0.95
2065,_%,Muškarci,47,0.92
2065,_%,Muškarci,48,0.97
2065,_%,Muškarci,49,0.98
2065,_%,Muškarci,50,0.95
2065,_%,Muškarci,51,0.99
2065,_%,Muškarci,52,0.96
2065,_%,Muškarci,53,1.1
2065,_%,Muškarci,54,1.06
2065,_%,Muškarci,55,1.11
2065,_%,Muškarci,56,1.15
2065,_%,Muškarci,57,1.15
2065,_%,Muškarci,58,1.11
2065,_%,Muškarci,59,1.12
2065,_%,Muškarci,60,1.15
2065,_%,Muškarci,61,1.15
2065,_%,Muškarci,62,1.2
2065,_%,Muškarci,63,1.2
2065,_%,Muškarci,64,1.25
2065,_%,Muškarci,65,1.28
2065,_%,Muškarci,66,1.29
2065,_%,Muškarci,67,1.43
2065,_%,Muškarci,68,1.58
2065,_%,Muškarci,69,1.67
2065,_%,Muškarci,70,1.69
2065,_%,Muškarci,71,1.54
2065,_%,Muškarci,72,1.34
2065,_%,Muškarci,73,1.53
2065,_%,Muškarci,74,1.68
2065,_%,Muškarci,75,1.66
2065,_%,Muškarci,76,1.61
2065,_%,Muškarci,77,1.68
2065,_%,Muškarci,78,1.65
2065,_%,Muškarci,79,1.6
2065,_%,Muškarci,80,1.59
2065,_%,Muškarci,81,1.57
2065,_%,Muškarci,82,1.49
2065,_%,Muškarci,83,1.44
2065,_%,Muškarci,84,1.36
2065,_%,Muškarci,85,1.28
2065,_%,Muškarci,86,1.18
2065,_%,Muškarci,87,1.11
2065,_%,Muškarci,88,1.01
2065,_%,Muškarci,89,0.95
2065,_%,Muškarci,90,0.83
2065,_%,Muškarci,91,0.73
2065,_%,Muškarci,92,0.63
2065,_%,Muškarci,93,0.56
2065,_%,Muškarci,94,0.47
2065,_%,Muškarci,95,0.37
2065,_%,Muškarci,96,0.33
2065,_%,Muškarci,97,0.27
2065,_%,Muškarci,98,0.22
2065,_%,Muškarci,99,0.17
2065,_%,Muškarci,100,0.14
2065,_%,Muškarci,101,0.1
2065,_%,Muškarci,102,0.07
2065,_%,Muškarci,103,0.05
2065,_%,Muškarci,104,0.03
2065,_%,Muškarci,105,0.02
2065,_%,Muškarci,106,0.01
2065,_%,Muškarci,107,0.01
2065,_%,Muškarci,108,0.0
2065,_%,Muškarci,109,0.0
2065,_%,Muškarci,110,0.0
2065,_%,Muškarci,111,0.0
2065,_%,Muškarci,112,0.0
2065,_%,Muškarci,113,0.0
2065,_%,Muškarci,114,0.0
2065,_%,Muškarci,115,0.0
2065,_%,Muškarci,116,0.0
2065,_%,Muškarci,117,0.0
2065,_%,Muškarci,118,0.0
2065,_%,Muškarci,119,0.0
2065,_%,Muškarci,120+,0.0
2070,Broj,Muškarci,Total,709726.72
2070,Broj,Muškarci,0,5006.94
2070,Broj,Muškarci,1,5047.12
2070,Broj,Muškarci,2,5099.12
2070,Broj,Muškarci,3,5162.1
2070,Broj,Muškarci,4,5236.12
2070,Broj,Muškarci,5,5319.79
2070,Broj,Muškarci,6,5411.19
2070,Broj,Muškarci,7,5508.29
2070,Broj,Muškarci,8,5608.99
2070,Broj,Muškarci,9,5711.58
2070,Broj,Muškarci,10,5815.29
2070,Broj,Muškarci,11,5918.01
2070,Broj,Muškarci,12,6022.64
2070,Broj,Muškarci,13,6128.51
2070,Broj,Muškarci,14,6233.52
2070,Broj,Muškarci,15,6334.09
2070,Broj,Muškarci,16,6421.03
2070,Broj,Muškarci,17,6481.39
2070,Broj,Muškarci,18,6505.18
2070,Broj,Muškarci,19,6486.29
2070,Broj,Muškarci,20,6425.9
2070,Broj,Muškarci,21,6333.89
2070,Broj,Muškarci,22,6228.76
2070,Broj,Muškarci,23,6125.26
2070,Broj,Muškarci,24,6030.27
2070,Broj,Muškarci,25,5945.09
2070,Broj,Muškarci,26,5871.0
2070,Broj,Muškarci,27,5808.41
2070,Broj,Muškarci,28,5758.02
2070,Broj,Muškarci,29,5721.69
2070,Broj,Muškarci,30,5701.65
2070,Broj,Muškarci,31,5689.35
2070,Broj,Muškarci,32,5692.1
2070,Broj,Muškarci,33,5706.72
2070,Broj,Muškarci,34,5732.07
2070,Broj,Muškarci,35,5765.63
2070,Broj,Muškarci,36,5807.31
2070,Broj,Muškarci,37,5858.12
2070,Broj,Muškarci,38,5917.46
2070,Broj,Muškarci,39,5984.41
2070,Broj,Muškarci,40,6066.16
2070,Broj,Muškarci,41,6140.57
2070,Broj,Muškarci,42,6227.25
2070,Broj,Muškarci,43,6319.48
2070,Broj,Muškarci,44,6416.96
2070,Broj,Muškarci,45,6519.03
2070,Broj,Muškarci,46,6625.56
2070,Broj,Muškarci,47,6734.82
2070,Broj,Muškarci,48,6845.32
2070,Broj,Muškarci,49,6957.59
2070,Broj,Muškarci,50,7052.1
2070,Broj,Muškarci,51,7251.52
2070,Broj,Muškarci,52,7062.69
2070,Broj,Muškarci,53,7407.85
2070,Broj,Muškarci,54,7503.73
2070,Broj,Muškarci,55,7303.55
2070,Broj,Muškarci,56,7628.98
2070,Broj,Muškarci,57,7456.53
2070,Broj,Muškarci,58,8525.19
2070,Broj,Muškarci,59,8244.67
2070,Broj,Muškarci,60,8601.41
2070,Broj,Muškarci,61,8948.12
2070,Broj,Muškarci,62,8938.41
2070,Broj,Muškarci,63,8699.98
2070,Broj,Muškarci,64,8750.25
2070,Broj,Muškarci,65,8973.51
2070,Broj,Muškarci,66,8917.28
2070,Broj,Muškarci,67,9247.25
2070,Broj,Muškarci,68,9174.53
2070,Broj,Muškarci,69,9508.44
2070,Broj,Muškarci,70,9686.31
2070,Broj,Muškarci,71,9656.54
2070,Broj,Muškarci,72,10559.12
2070,Broj,Muškarci,73,11573.12
2070,Broj,Muškarci,74,12075.31
2070,Broj,Muškarci,75,12107.83
2070,Broj,Muškarci,76,10874.98
2070,Broj,Muškarci,77,9373.69
2070,Broj,Muškarci,78,10573.46
2070,Broj,Muškarci,79,11466.77
2070,Broj,Muškarci,80,11145.58
2070,Broj,Muškarci,81,10621.48
2070,Broj,Muškarci,82,10900.19
2070,Broj,Muškarci,83,10513.97
2070,Broj,Muškarci,84,9954.35
2070,Broj,Muškarci,85,9676.26
2070,Broj,Muškarci,86,9299.43
2070,Broj,Muškarci,87,8576.08
2070,Broj,Muškarci,88,8051.43
2070,Broj,Muškarci,89,7332.46
2070,Broj,Muškarci,90,6646.23
2070,Broj,Muškarci,91,5888.75
2070,Broj,Muškarci,92,5283.07
2070,Broj,Muškarci,93,4573.87
2070,Broj,Muškarci,94,4105.71
2070,Broj,Muškarci,95,3380.52
2070,Broj,Muškarci,96,2778.54
2070,Broj,Muškarci,97,2265.21
2070,Broj,Muškarci,98,1871.38
2070,Broj,Muškarci,99,1466.61
2070,Broj,Muškarci,100,1050.91
2070,Broj,Muškarci,101,855.58
2070,Broj,Muškarci,102,618.14
2070,Broj,Muškarci,103,451.34
2070,Broj,Muškarci,104,317.7
2070,Broj,Muškarci,105,217.84
2070,Broj,Muškarci,106,135.94
2070,Broj,Muškarci,107,84.31
2070,Broj,Muškarci,108,50.2
2070,Broj,Muškarci,109,28.13
2070,Broj,Muškarci,110,15.05
2070,Broj,Muškarci,111,7.54
2070,Broj,Muškarci,112,3.74
2070,Broj,Muškarci,113,1.64
2070,Broj,Muškarci,114,0.79
2070,Broj,Muškarci,115,0.35
2070,Broj,Muškarci,116,0.15
2070,Broj,Muškarci,117,0.06
2070,Broj,Muškarci,118,0.02
2070,Broj,Muškarci,119,0.01
2070,Broj,Muškarci,120+,0.01
2070,_%,Muškarci,Total,100.0
2070,_%,Muškarci,0,0.71
2070,_%,Muškarci,1,0.71
2070,_%,Muškarci,2,0.72
2070,_%,Muškarci,3,0.73
2070,_%,Muškarci,4,0.74
2070,_%,Muškarci,5,0.75
2070,_%,Muškarci,6,0.76
2070,_%,Muškarci,7,0.78
2070,_%,Muškarci,8,0.79
2070,_%,Muškarci,9,0.8
2070,_%,Muškarci,10,0.82
2070,_%,Muškarci,11,0.83
2070,_%,Muškarci,12,0.85
2070,_%,Muškarci,13,0.86
2070,_%,Muškarci,14,0.88
2070,_%,Muškarci,15,0.89
2070,_%,Muškarci,16,0.9
2070,_%,Muškarci,17,0.91
2070,_%,Muškarci,18,0.92
2070,_%,Muškarci,19,0.91
2070,_%,Muškarci,20,0.91
2070,_%,Muškarci,21,0.89
2070,_%,Muškarci,22,0.88
2070,_%,Muškarci,23,0.86
2070,_%,Muškarci,24,0.85
2070,_%,Muškarci,25,0.84
2070,_%,Muškarci,26,0.83
2070,_%,Muškarci,27,0.82
2070,_%,Muškarci,28,0.81
2070,_%,Muškarci,29,0.81
2070,_%,Muškarci,30,0.8
2070,_%,Muškarci,31,0.8
2070,_%,Muškarci,32,0.8
2070,_%,Muškarci,33,0.8
2070,_%,Muškarci,34,0.81
2070,_%,Muškarci,35,0.81
2070,_%,Muškarci,36,0.82
2070,_%,Muškarci,37,0.83
2070,_%,Muškarci,38,0.83
2070,_%,Muškarci,39,0.84
2070,_%,Muškarci,40,0.85
2070,_%,Muškarci,41,0.87
2070,_%,Muškarci,42,0.88
2070,_%,Muškarci,43,0.89
2070,_%,Muškarci,44,0.9
2070,_%,Muškarci,45,0.92
2070,_%,Muškarci,46,0.93
2070,_%,Muškarci,47,0.95
2070,_%,Muškarci,48,0.96
2070,_%,Muškarci,49,0.98
2070,_%,Muškarci,50,0.99
2070,_%,Muškarci,51,1.02
2070,_%,Muškarci,52,1.0
2070,_%,Muškarci,53,1.04
2070,_%,Muškarci,54,1.06
2070,_%,Muškarci,55,1.03
2070,_%,Muškarci,56,1.07
2070,_%,Muškarci,57,1.05
2070,_%,Muškarci,58,1.2
2070,_%,Muškarci,59,1.16
2070,_%,Muškarci,60,1.21
2070,_%,Muškarci,61,1.26
2070,_%,Muškarci,62,1.26
2070,_%,Muškarci,63,1.23
2070,_%,Muškarci,64,1.23
2070,_%,Muškarci,65,1.26
2070,_%,Muškarci,66,1.26
2070,_%,Muškarci,67,1.3
2070,_%,Muškarci,68,1.29
2070,_%,Muškarci,69,1.34
2070,_%,Muškarci,70,1.36
2070,_%,Muškarci,71,1.36
2070,_%,Muškarci,72,1.49
2070,_%,Muškarci,73,1.63
2070,_%,Muškarci,74,1.7
2070,_%,Muškarci,75,1.71
2070,_%,Muškarci,76,1.53
2070,_%,Muškarci,77,1.32
2070,_%,Muškarci,78,1.49
2070,_%,Muškarci,79,1.62
2070,_%,Muškarci,80,1.57
2070,_%,Muškarci,81,1.5
2070,_%,Muškarci,82,1.54
2070,_%,Muškarci,83,1.48
2070,_%,Muškarci,84,1.4
2070,_%,Muškarci,85,1.36
2070,_%,Muškarci,86,1.31
2070,_%,Muškarci,87,1.21
2070,_%,Muškarci,88,1.13
2070,_%,Muškarci,89,1.03
2070,_%,Muškarci,90,0.94
2070,_%,Muškarci,91,0.83
2070,_%,Muškarci,92,0.74
2070,_%,Muškarci,93,0.64
2070,_%,Muškarci,94,0.58
2070,_%,Muškarci,95,0.48
2070,_%,Muškarci,96,0.39
2070,_%,Muškarci,97,0.32
2070,_%,Muškarci,98,0.26
2070,_%,Muškarci,99,0.21
2070,_%,Muškarci,100,0.15
2070,_%,Muškarci,101,0.12
2070,_%,Muškarci,102,0.09
2070,_%,Muškarci,103,0.06
2070,_%,Muškarci,104,0.04
2070,_%,Muškarci,105,0.03
2070,_%,Muškarci,106,0.02
2070,_%,Muškarci,107,0.01
2070,_%,Muškarci,108,0.01
2070,_%,Muškarci,109,0.0
2070,_%,Muškarci,110,0.0
2070,_%,Muškarci,111,0.0
2070,_%,Muškarci,112,0.0
2070,_%,Muškarci,113,0.0
2070,_%,Muškarci,114,0.0
2070,_%,Muškarci,115,0.0
2070,_%,Muškarci,116,0.0
2070,_%,Muškarci,117,0.0
2070,_%,Muškarci,118,0.0
2070,_%,Muškarci,119,0.0
2070,_%,Muškarci,120+,0.0
2018,Broj,Žene,Total,1777770.0
2018,Broj,Žene,0,14119.0
2018,Broj,Žene,1,14429.0
2018,Broj,Žene,2,14395.0
2018,Broj,Žene,3,14367.0
2018,Broj,Žene,4,14577.0
2018,Broj,Žene,5,14765.0
2018,Broj,Žene,6,16801.0
2018,Broj,Žene,7,16594.0
2018,Broj,Žene,8,17302.0
2018,Broj,Žene,9,17682.0
2018,Broj,Žene,10,17707.0
2018,Broj,Žene,11,17028.0
2018,Broj,Žene,12,17032.0
2018,Broj,Žene,13,17266.0
2018,Broj,Žene,14,17203.0
2018,Broj,Žene,15,17423.0
2018,Broj,Žene,16,17821.0
2018,Broj,Žene,17,18530.0
2018,Broj,Žene,18,19139.0
2018,Broj,Žene,19,19954.0
2018,Broj,Žene,20,21821.0
2018,Broj,Žene,21,24056.0
2018,Broj,Žene,22,25284.0
2018,Broj,Žene,23,25587.0
2018,Broj,Žene,24,21503.0
2018,Broj,Žene,25,18234.0
2018,Broj,Žene,26,21177.0
2018,Broj,Žene,27,23784.0
2018,Broj,Žene,28,23280.0
2018,Broj,Žene,29,23447.0
2018,Broj,Žene,30,24429.0
2018,Broj,Žene,31,24192.0
2018,Broj,Žene,32,24196.0
2018,Broj,Žene,33,24647.0
2018,Broj,Žene,34,25156.0
2018,Broj,Žene,35,24904.0
2018,Broj,Žene,36,25109.0
2018,Broj,Žene,37,24874.0
2018,Broj,Žene,38,24787.0
2018,Broj,Žene,39,24486.0
2018,Broj,Žene,40,24285.0
2018,Broj,Žene,41,24376.0
2018,Broj,Žene,42,25332.0
2018,Broj,Žene,43,24525.0
2018,Broj,Žene,44,24128.0
2018,Broj,Žene,45,23841.0
2018,Broj,Žene,46,24345.0
2018,Broj,Žene,47,24108.0
2018,Broj,Žene,48,22462.0
2018,Broj,Žene,49,24003.0
2018,Broj,Žene,50,24526.0
2018,Broj,Žene,51,24944.0
2018,Broj,Žene,52,26177.0
2018,Broj,Žene,53,26957.0
2018,Broj,Žene,54,26202.0
2018,Broj,Žene,55,26654.0
2018,Broj,Žene,56,27604.0
2018,Broj,Žene,57,27627.0
2018,Broj,Žene,58,27785.0
2018,Broj,Žene,59,26824.0
2018,Broj,Žene,60,27423.0
2018,Broj,Žene,61,24813.0
2018,Broj,Žene,62,26073.0
2018,Broj,Žene,63,25505.0
2018,Broj,Žene,64,26165.0
2018,Broj,Žene,65,24476.0
2018,Broj,Žene,66,25106.0
2018,Broj,Žene,67,20002.0
2018,Broj,Žene,68,21719.0
2018,Broj,Žene,69,21120.0
2018,Broj,Žene,70,18797.0
2018,Broj,Žene,71,18142.0
2018,Broj,Žene,72,16251.0
2018,Broj,Žene,73,12897.0
2018,Broj,Žene,74,12100.0
2018,Broj,Žene,75,12271.0
2018,Broj,Žene,76,12529.0
2018,Broj,Žene,77,13501.0
2018,Broj,Žene,78,14208.0
2018,Broj,Žene,79,12979.0
2018,Broj,Žene,80,12109.0
2018,Broj,Žene,81,10965.0
2018,Broj,Žene,82,9833.0
2018,Broj,Žene,83,8574.0
2018,Broj,Žene,84,7424.0
2018,Broj,Žene,85,6234.0
2018,Broj,Žene,86,4958.0
2018,Broj,Žene,87,3821.0
2018,Broj,Žene,88,3453.0
2018,Broj,Žene,89,2354.0
2018,Broj,Žene,90,1971.0
2018,Broj,Žene,91,1244.0
2018,Broj,Žene,92,914.0
2018,Broj,Žene,93,654.0
2018,Broj,Žene,94,441.0
2018,Broj,Žene,95,295.0
2018,Broj,Žene,96,237.0
2018,Broj,Žene,97,126.0
2018,Broj,Žene,98,92.0
2018,Broj,Žene,99,54.0
2018,Broj,Žene,100,61.0
2018,Broj,Žene,101,39.0
2018,Broj,Žene,102,21.0
2018,Broj,Žene,103,12.0
2018,Broj,Žene,104,7.0
2018,Broj,Žene,105,4.0
2018,Broj,Žene,106,2.0
2018,Broj,Žene,107,1.0
2018,Broj,Žene,108,1.0
2018,Broj,Žene,109,0.0
2018,Broj,Žene,110,0.0
2018,Broj,Žene,111,0.0
2018,Broj,Žene,112,0.0
2018,Broj,Žene,113,0.0
2018,Broj,Žene,114,0.0
2018,Broj,Žene,115,0.0
2018,Broj,Žene,116,0.0
2018,Broj,Žene,117,0.0
2018,Broj,Žene,118,0.0
2018,Broj,Žene,119,0.0
2018,Broj,Žene,120+,0.0
2018,_%,Žene,Total,100.0
2018,_%,Žene,0,0.79
2018,_%,Žene,1,0.81
2018,_%,Žene,2,0.81
2018,_%,Žene,3,0.81
2018,_%,Žene,4,0.82
2018,_%,Žene,5,0.83
2018,_%,Žene,6,0.95
2018,_%,Žene,7,0.93
2018,_%,Žene,8,0.97
2018,_%,Žene,9,0.99
2018,_%,Žene,10,1.0
2018,_%,Žene,11,0.96
2018,_%,Žene,12,0.96
2018,_%,Žene,13,0.97
2018,_%,Žene,14,0.97
2018,_%,Žene,15,0.98
2018,_%,Žene,16,1.0
2018,_%,Žene,17,1.04
2018,_%,Žene,18,1.08
2018,_%,Žene,19,1.12
2018,_%,Žene,20,1.23
2018,_%,Žene,21,1.35
2018,_%,Žene,22,1.42
2018,_%,Žene,23,1.44
2018,_%,Žene,24,1.21
2018,_%,Žene,25,1.03
2018,_%,Žene,26,1.19
2018,_%,Žene,27,1.34
2018,_%,Žene,28,1.31
2018,_%,Žene,29,1.32
2018,_%,Žene,30,1.37
2018,_%,Žene,31,1.36
2018,_%,Žene,32,1.36
2018,_%,Žene,33,1.39
2018,_%,Žene,34,1.42
2018,_%,Žene,35,1.4
2018,_%,Žene,36,1.41
2018,_%,Žene,37,1.4
2018,_%,Žene,38,1.39
2018,_%,Žene,39,1.38
2018,_%,Žene,40,1.37
2018,_%,Žene,41,1.37
2018,_%,Žene,42,1.42
2018,_%,Žene,43,1.38
2018,_%,Žene,44,1.36
2018,_%,Žene,45,1.34
2018,_%,Žene,46,1.37
2018,_%,Žene,47,1.36
2018,_%,Žene,48,1.26
2018,_%,Žene,49,1.35
2018,_%,Žene,50,1.38
2018,_%,Žene,51,1.4
2018,_%,Žene,52,1.47
2018,_%,Žene,53,1.52
2018,_%,Žene,54,1.47
2018,_%,Žene,55,1.5
2018,_%,Žene,56,1.55
2018,_%,Žene,57,1.55
2018,_%,Žene,58,1.56
2018,_%,Žene,59,1.51
2018,_%,Žene,60,1.54
2018,_%,Žene,61,1.4
2018,_%,Žene,62,1.47
2018,_%,Žene,63,1.43
2018,_%,Žene,64,1.47
2018,_%,Žene,65,1.38
2018,_%,Žene,66,1.41
2018,_%,Žene,67,1.13
2018,_%,Žene,68,1.22
2018,_%,Žene,69,1.19
2018,_%,Žene,70,1.06
2018,_%,Žene,71,1.02
2018,_%,Žene,72,0.91
2018,_%,Žene,73,0.73
2018,_%,Žene,74,0.68
2018,_%,Žene,75,0.69
2018,_%,Žene,76,0.7
2018,_%,Žene,77,0.76
2018,_%,Žene,78,0.8
2018,_%,Žene,79,0.73
2018,_%,Žene,80,0.68
2018,_%,Žene,81,0.62
2018,_%,Žene,82,0.55
2018,_%,Žene,83,0.48
2018,_%,Žene,84,0.42
2018,_%,Žene,85,0.35
2018,_%,Žene,86,0.28
2018,_%,Žene,87,0.21
2018,_%,Žene,88,0.19
2018,_%,Žene,89,0.13
2018,_%,Žene,90,0.11
2018,_%,Žene,91,0.07
2018,_%,Žene,92,0.05
2018,_%,Žene,93,0.04
2018,_%,Žene,94,0.02
2018,_%,Žene,95,0.02
2018,_%,Žene,96,0.01
2018,_%,Žene,97,0.01
2018,_%,Žene,98,0.01
2018,_%,Žene,99,0.0
2018,_%,Žene,100,0.0
2018,_%,Žene,101,0.0
2018,_%,Žene,102,0.0
2018,_%,Žene,103,0.0
2018,_%,Žene,104,0.0
2018,_%,Žene,105,0.0
2018,_%,Žene,106,0.0
2018,_%,Žene,107,0.0
2018,_%,Žene,108,0.0
2018,_%,Žene,109,0.0
2018,_%,Žene,110,0.0
2018,_%,Žene,111,0.0
2018,_%,Žene,112,0.0
2018,_%,Žene,113,0.0
2018,_%,Žene,114,0.0
2018,_%,Žene,115,0.0
2018,_%,Žene,116,0.0
2018,_%,Žene,117,0.0
2018,_%,Žene,118,0.0
2018,_%,Žene,119,0.0
2018,_%,Žene,120+,0.0
2020,Broj,Žene,Total,1753499.0
2020,Broj,Žene,0,14136.18
2020,Broj,Žene,1,14271.39
2020,Broj,Žene,2,13821.89
2020,Broj,Žene,3,14208.63
2020,Broj,Žene,4,14239.41
2020,Broj,Žene,5,14262.17
2020,Broj,Žene,6,14504.89
2020,Broj,Žene,7,14702.89
2020,Broj,Žene,8,16733.39
2020,Broj,Žene,9,16524.64
2020,Broj,Žene,10,17228.6
2020,Broj,Žene,11,17601.05
2020,Broj,Žene,12,17626.55
2020,Broj,Žene,13,16953.34
2020,Broj,Žene,14,16957.56
2020,Broj,Žene,15,17184.25
2020,Broj,Žene,16,17084.13
2020,Broj,Žene,17,17208.34
2020,Broj,Žene,18,17462.17
2020,Broj,Žene,19,18001.6
2020,Broj,Žene,20,18435.59
2020,Broj,Žene,21,19076.33
2020,Broj,Žene,22,20767.88
2020,Broj,Žene,23,22848.57
2020,Broj,Žene,24,23983.43
2020,Broj,Žene,25,24343.82
2020,Broj,Žene,26,20500.6
2020,Broj,Žene,27,17440.99
2020,Broj,Žene,28,20414.55
2020,Broj,Žene,29,23037.59
2020,Broj,Žene,30,22627.6
2020,Broj,Žene,31,22869.54
2020,Broj,Žene,32,23883.1
2020,Broj,Žene,33,23682.31
2020,Broj,Žene,34,23726.99
2020,Broj,Žene,35,24210.76
2020,Broj,Žene,36,24754.2
2020,Broj,Žene,37,24538.61
2020,Broj,Žene,38,24772.38
2020,Broj,Žene,39,24560.37
2020,Broj,Žene,40,24490.42
2020,Broj,Žene,41,24203.41
2020,Broj,Žene,42,24012.2
2020,Broj,Žene,43,24104.09
2020,Broj,Žene,44,25062.54
2020,Broj,Žene,45,24278.06
2020,Broj,Žene,46,23909.26
2020,Broj,Žene,47,23646.58
2020,Broj,Žene,48,24168.92
2020,Broj,Žene,49,23956.35
2020,Broj,Žene,50,22337.43
2020,Broj,Žene,51,23876.82
2020,Broj,Žene,52,24400.45
2020,Broj,Žene,53,24819.64
2020,Broj,Žene,54,26040.41
2020,Broj,Žene,55,26807.94
2020,Broj,Žene,56,26054.52
2020,Broj,Žene,57,26494.83
2020,Broj,Žene,58,27424.0
2020,Broj,Žene,59,27433.15
2020,Broj,Žene,60,27571.23
2020,Broj,Žene,61,26600.99
2020,Broj,Žene,62,27168.89
2020,Broj,Žene,63,24569.85
2020,Broj,Žene,64,25767.49
2020,Broj,Žene,65,25151.18
2020,Broj,Žene,66,25717.05
2020,Broj,Žene,67,23970.28
2020,Broj,Žene,68,24485.55
2020,Broj,Žene,69,19440.39
2020,Broj,Žene,70,21006.88
2020,Broj,Žene,71,20326.98
2020,Broj,Žene,72,18003.23
2020,Broj,Žene,73,17280.17
2020,Broj,Žene,74,15388.94
2020,Broj,Žene,75,12139.54
2020,Broj,Žene,76,11298.98
2020,Broj,Žene,77,11348.79
2020,Broj,Žene,78,11461.96
2020,Broj,Žene,79,12198.38
2020,Broj,Žene,80,12663.18
2020,Broj,Žene,81,11398.53
2020,Broj,Žene,82,10458.75
2020,Broj,Žene,83,9297.17
2020,Broj,Žene,84,8171.18
2020,Broj,Žene,85,6971.42
2020,Broj,Žene,86,5895.05
2020,Broj,Žene,87,4823.94
2020,Broj,Žene,88,3730.67
2020,Broj,Žene,89,2789.66
2020,Broj,Žene,90,2437.81
2020,Broj,Žene,91,1601.46
2020,Broj,Žene,92,1286.98
2020,Broj,Žene,93,777.27
2020,Broj,Žene,94,543.82
2020,Broj,Žene,95,368.79
2020,Broj,Žene,96,236.52
2020,Broj,Žene,97,151.39
2020,Broj,Žene,98,115.74
2020,Broj,Žene,99,58.17
2020,Broj,Žene,100,40.08
2020,Broj,Žene,101,22.18
2020,Broj,Žene,102,23.6
2020,Broj,Žene,103,14.21
2020,Broj,Žene,104,7.2
2020,Broj,Žene,105,3.88
2020,Broj,Žene,106,2.13
2020,Broj,Žene,107,1.14
2020,Broj,Žene,108,0.54
2020,Broj,Žene,109,0.25
2020,Broj,Žene,110,0.24
2020,Broj,Žene,111,0.0
2020,Broj,Žene,112,0.0
2020,Broj,Žene,113,0.0
2020,Broj,Žene,114,0.0
2020,Broj,Žene,115,0.0
2020,Broj,Žene,116,0.0
2020,Broj,Žene,117,0.0
2020,Broj,Žene,118,0.0
2020,Broj,Žene,119,0.0
2020,Broj,Žene,120+,0.0
2020,_%,Žene,Total,100.0
2020,_%,Žene,0,0.81
2020,_%,Žene,1,0.81
2020,_%,Žene,2,0.79
2020,_%,Žene,3,0.81
2020,_%,Žene,4,0.81
2020,_%,Žene,5,0.81
2020,_%,Žene,6,0.83
2020,_%,Žene,7,0.84
2020,_%,Žene,8,0.95
2020,_%,Žene,9,0.94
2020,_%,Žene,10,0.98
2020,_%,Žene,11,1.0
2020,_%,Žene,12,1.01
2020,_%,Žene,13,0.97
2020,_%,Žene,14,0.97
2020,_%,Žene,15,0.98
2020,_%,Žene,16,0.97
2020,_%,Žene,17,0.98
2020,_%,Žene,18,1.0
2020,_%,Žene,19,1.03
2020,_%,Žene,20,1.05
2020,_%,Žene,21,1.09
2020,_%,Žene,22,1.18
2020,_%,Žene,23,1.3
2020,_%,Žene,24,1.37
2020,_%,Žene,25,1.39
2020,_%,Žene,26,1.17
2020,_%,Žene,27,0.99
2020,_%,Žene,28,1.16
2020,_%,Žene,29,1.31
2020,_%,Žene,30,1.29
2020,_%,Žene,31,1.3
2020,_%,Žene,32,1.36
2020,_%,Žene,33,1.35
2020,_%,Žene,34,1.35
2020,_%,Žene,35,1.38
2020,_%,Žene,36,1.41
2020,_%,Žene,37,1.4
2020,_%,Žene,38,1.41
2020,_%,Žene,39,1.4
2020,_%,Žene,40,1.4
2020,_%,Žene,41,1.38
2020,_%,Žene,42,1.37
2020,_%,Žene,43,1.37
2020,_%,Žene,44,1.43
2020,_%,Žene,45,1.38
2020,_%,Žene,46,1.36
2020,_%,Žene,47,1.35
2020,_%,Žene,48,1.38
2020,_%,Žene,49,1.37
2020,_%,Žene,50,1.27
2020,_%,Žene,51,1.36
2020,_%,Žene,52,1.39
2020,_%,Žene,53,1.42
2020,_%,Žene,54,1.49
2020,_%,Žene,55,1.53
2020,_%,Žene,56,1.49
2020,_%,Žene,57,1.51
2020,_%,Žene,58,1.56
2020,_%,Žene,59,1.56
2020,_%,Žene,60,1.57
2020,_%,Žene,61,1.52
2020,_%,Žene,62,1.55
2020,_%,Žene,63,1.4
2020,_%,Žene,64,1.47
2020,_%,Žene,65,1.43
2020,_%,Žene,66,1.47
2020,_%,Žene,67,1.37
2020,_%,Žene,68,1.4
2020,_%,Žene,69,1.11
2020,_%,Žene,70,1.2
2020,_%,Žene,71,1.16
2020,_%,Žene,72,1.03
2020,_%,Žene,73,0.99
2020,_%,Žene,74,0.88
2020,_%,Žene,75,0.69
2020,_%,Žene,76,0.64
2020,_%,Žene,77,0.65
2020,_%,Žene,78,0.65
2020,_%,Žene,79,0.7
2020,_%,Žene,80,0.72
2020,_%,Žene,81,0.65
2020,_%,Žene,82,0.6
2020,_%,Žene,83,0.53
2020,_%,Žene,84,0.47
2020,_%,Žene,85,0.4
2020,_%,Žene,86,0.34
2020,_%,Žene,87,0.28
2020,_%,Žene,88,0.21
2020,_%,Žene,89,0.16
2020,_%,Žene,90,0.14
2020,_%,Žene,91,0.09
2020,_%,Žene,92,0.07
2020,_%,Žene,93,0.04
2020,_%,Žene,94,0.03
2020,_%,Žene,95,0.02
2020,_%,Žene,96,0.01
2020,_%,Žene,97,0.01
2020,_%,Žene,98,0.01
2020,_%,Žene,99,0.0
2020,_%,Žene,100,0.0
2020,_%,Žene,101,0.0
2020,_%,Žene,102,0.0
2020,_%,Žene,103,0.0
2020,_%,Žene,104,0.0
2020,_%,Žene,105,0.0
2020,_%,Žene,106,0.0
2020,_%,Žene,107,0.0
2020,_%,Žene,108,0.0
2020,_%,Žene,109,0.0
2020,_%,Žene,110,0.0
2020,_%,Žene,111,0.0
2020,_%,Žene,112,0.0
2020,_%,Žene,113,0.0
2020,_%,Žene,114,0.0
2020,_%,Žene,115,0.0
2020,_%,Žene,116,0.0
2020,_%,Žene,117,0.0
2020,_%,Žene,118,0.0
2020,_%,Žene,119,0.0
2020,_%,Žene,120+,0.0
2025,Broj,Žene,Total,1687426.36
2025,Broj,Žene,0,12504.82
2025,Broj,Žene,1,12691.32
2025,Broj,Žene,2,12908.45
2025,Broj,Žene,3,13144.97
2025,Broj,Žene,4,13390.12
2025,Broj,Žene,5,13634.84
2025,Broj,Žene,6,13903.29
2025,Broj,Žene,7,13561.49
2025,Broj,Žene,8,14018.12
2025,Broj,Žene,9,14092.64
2025,Broj,Žene,10,14141.77
2025,Broj,Žene,11,14392.1
2025,Broj,Žene,12,14566.86
2025,Broj,Žene,13,16551.49
2025,Broj,Žene,14,16314.8
2025,Broj,Žene,15,16994.78
2025,Broj,Žene,16,17313.16
2025,Broj,Žene,17,17245.79
2025,Broj,Žene,18,16429.5
2025,Broj,Žene,19,16214.95
2025,Broj,Žene,20,16159.02
2025,Broj,Žene,21,15775.32
2025,Broj,Žene,22,15649.93
2025,Broj,Žene,23,15684.79
2025,Broj,Žene,24,16044.32
2025,Broj,Žene,25,16357.07
2025,Broj,Žene,26,16894.07
2025,Broj,Žene,27,18441.55
2025,Broj,Žene,28,20418.0
2025,Broj,Žene,29,21610.35
2025,Broj,Žene,30,22286.42
2025,Broj,Žene,31,18980.82
2025,Broj,Žene,32,16296.67
2025,Broj,Žene,33,19281.97
2025,Broj,Žene,34,21849.01
2025,Broj,Žene,35,21499.91
2025,Broj,Žene,36,21817.63
2025,Broj,Žene,37,22885.78
2025,Broj,Žene,38,22760.75
2025,Broj,Žene,39,22874.35
2025,Broj,Žene,40,23393.03
2025,Broj,Žene,41,23959.2
2025,Broj,Žene,42,23771.6
2025,Broj,Žene,43,24027.79
2025,Broj,Žene,44,23843.0
2025,Broj,Žene,45,23808.19
2025,Broj,Žene,46,23565.19
2025,Broj,Žene,47,23422.89
2025,Broj,Žene,48,23553.47
2025,Broj,Žene,49,24543.13
2025,Broj,Žene,50,23820.84
2025,Broj,Žene,51,23512.16
2025,Broj,Žene,52,23291.53
2025,Broj,Žene,53,23833.53
2025,Broj,Žene,54,23653.52
2025,Broj,Žene,55,22082.69
2025,Broj,Žene,56,23596.16
2025,Broj,Žene,57,24094.61
2025,Broj,Žene,58,24486.03
2025,Broj,Žene,59,25651.8
2025,Broj,Žene,60,26370.37
2025,Broj,Žene,61,25605.44
2025,Broj,Žene,62,25990.39
2025,Broj,Žene,63,26828.76
2025,Broj,Žene,64,26761.77
2025,Broj,Žene,65,26801.06
2025,Broj,Žene,66,25746.1
2025,Broj,Žene,67,26130.6
2025,Broj,Žene,68,23480.79
2025,Broj,Žene,69,24398.82
2025,Broj,Žene,70,23582.75
2025,Broj,Žene,71,23859.75
2025,Broj,Žene,72,22001.01
2025,Broj,Žene,73,22215.57
2025,Broj,Žene,74,17436.3
2025,Broj,Žene,75,18564.79
2025,Broj,Žene,76,17677.09
2025,Broj,Žene,77,15389.1
2025,Broj,Žene,78,14480.17
2025,Broj,Žene,79,12620.88
2025,Broj,Žene,80,9733.22
2025,Broj,Žene,81,8809.33
2025,Broj,Žene,82,8556.34
2025,Broj,Žene,83,8319.58
2025,Broj,Žene,84,8486.63
2025,Broj,Žene,85,8416.23
2025,Broj,Žene,86,7212.34
2025,Broj,Žene,87,6273.34
2025,Broj,Žene,88,5260.73
2025,Broj,Žene,89,4340.17
2025,Broj,Žene,90,3455.74
2025,Broj,Žene,91,2708.38
2025,Broj,Žene,92,2040.23
2025,Broj,Žene,93,1441.96
2025,Broj,Žene,94,975.13
2025,Broj,Žene,95,764.85
2025,Broj,Žene,96,448.1
2025,Broj,Žene,97,322.45
2025,Broj,Žene,98,172.62
2025,Broj,Žene,99,107.06
2025,Broj,Žene,100,64.13
2025,Broj,Žene,101,36.04
2025,Broj,Žene,102,20.03
2025,Broj,Žene,103,13.26
2025,Broj,Žene,104,5.75
2025,Broj,Žene,105,3.42
2025,Broj,Žene,106,1.62
2025,Broj,Žene,107,1.48
2025,Broj,Žene,108,0.76
2025,Broj,Žene,109,0.33
2025,Broj,Žene,110,0.15
2025,Broj,Žene,111,0.07
2025,Broj,Žene,112,0.03
2025,Broj,Žene,113,0.01
2025,Broj,Žene,114,0.01
2025,Broj,Žene,115,0.0
2025,Broj,Žene,116,0.0
2025,Broj,Žene,117,0.0
2025,Broj,Žene,118,0.0
2025,Broj,Žene,119,0.0
2025,Broj,Žene,120+,0.0
2025,_%,Žene,Total,100.0
2025,_%,Žene,0,0.74
2025,_%,Žene,1,0.75
2025,_%,Žene,2,0.76
2025,_%,Žene,3,0.78
2025,_%,Žene,4,0.79
2025,_%,Žene,5,0.81
2025,_%,Žene,6,0.82
2025,_%,Žene,7,0.8
2025,_%,Žene,8,0.83
2025,_%,Žene,9,0.84
2025,_%,Žene,10,0.84
2025,_%,Žene,11,0.85
2025,_%,Žene,12,0.86
2025,_%,Žene,13,0.98
2025,_%,Žene,14,0.97
2025,_%,Žene,15,1.01
2025,_%,Žene,16,1.03
2025,_%,Žene,17,1.02
2025,_%,Žene,18,0.97
2025,_%,Žene,19,0.96
2025,_%,Žene,20,0.96
2025,_%,Žene,21,0.93
2025,_%,Žene,22,0.93
2025,_%,Žene,23,0.93
2025,_%,Žene,24,0.95
2025,_%,Žene,25,0.97
2025,_%,Žene,26,1.0
2025,_%,Žene,27,1.09
2025,_%,Žene,28,1.21
2025,_%,Žene,29,1.28
2025,_%,Žene,30,1.32
2025,_%,Žene,31,1.12
2025,_%,Žene,32,0.97
2025,_%,Žene,33,1.14
2025,_%,Žene,34,1.29
2025,_%,Žene,35,1.27
2025,_%,Žene,36,1.29
2025,_%,Žene,37,1.36
2025,_%,Žene,38,1.35
2025,_%,Žene,39,1.36
2025,_%,Žene,40,1.39
2025,_%,Žene,41,1.42
2025,_%,Žene,42,1.41
2025,_%,Žene,43,1.42
2025,_%,Žene,44,1.41
2025,_%,Žene,45,1.41
2025,_%,Žene,46,1.4
2025,_%,Žene,47,1.39
2025,_%,Žene,48,1.4
2025,_%,Žene,49,1.45
2025,_%,Žene,50,1.41
2025,_%,Žene,51,1.39
2025,_%,Žene,52,1.38
2025,_%,Žene,53,1.41
2025,_%,Žene,54,1.4
2025,_%,Žene,55,1.31
2025,_%,Žene,56,1.4
2025,_%,Žene,57,1.43
2025,_%,Žene,58,1.45
2025,_%,Žene,59,1.52
2025,_%,Žene,60,1.56
2025,_%,Žene,61,1.52
2025,_%,Žene,62,1.54
2025,_%,Žene,63,1.59
2025,_%,Žene,64,1.59
2025,_%,Žene,65,1.59
2025,_%,Žene,66,1.53
2025,_%,Žene,67,1.55
2025,_%,Žene,68,1.39
2025,_%,Žene,69,1.45
2025,_%,Žene,70,1.4
2025,_%,Žene,71,1.41
2025,_%,Žene,72,1.3
2025,_%,Žene,73,1.32
2025,_%,Žene,74,1.03
2025,_%,Žene,75,1.1
2025,_%,Žene,76,1.05
2025,_%,Žene,77,0.91
2025,_%,Žene,78,0.86
2025,_%,Žene,79,0.75
2025,_%,Žene,80,0.58
2025,_%,Žene,81,0.52
2025,_%,Žene,82,0.51
2025,_%,Žene,83,0.49
2025,_%,Žene,84,0.5
2025,_%,Žene,85,0.5
2025,_%,Žene,86,0.43
2025,_%,Žene,87,0.37
2025,_%,Žene,88,0.31
2025,_%,Žene,89,0.26
2025,_%,Žene,90,0.2
2025,_%,Žene,91,0.16
2025,_%,Žene,92,0.12
2025,_%,Žene,93,0.09
2025,_%,Žene,94,0.06
2025,_%,Žene,95,0.05
2025,_%,Žene,96,0.03
2025,_%,Žene,97,0.02
2025,_%,Žene,98,0.01
2025,_%,Žene,99,0.01
2025,_%,Žene,100,0.0
2025,_%,Žene,101,0.0
2025,_%,Žene,102,0.0
2025,_%,Žene,103,0.0
2025,_%,Žene,104,0.0
2025,_%,Žene,105,0.0
2025,_%,Žene,106,0.0
2025,_%,Žene,107,0.0
2025,_%,Žene,108,0.0
2025,_%,Žene,109,0.0
2025,_%,Žene,110,0.0
2025,_%,Žene,111,0.0
2025,_%,Žene,112,0.0
2025,_%,Žene,113,0.0
2025,_%,Žene,114,0.0
2025,_%,Žene,115,0.0
2025,_%,Žene,116,0.0
2025,_%,Žene,117,0.0
2025,_%,Žene,118,0.0
2025,_%,Žene,119,0.0
2025,_%,Žene,120+,0.0
2030,Broj,Žene,Total,1612820.3
2030,Broj,Žene,0,10940.78
2030,Broj,Žene,1,11100.57
2030,Broj,Žene,2,11298.49
2030,Broj,Žene,3,11529.4
2030,Broj,Žene,4,11787.67
2030,Broj,Žene,5,12066.86
2030,Broj,Žene,6,12360.32
2030,Broj,Žene,7,12657.68
2030,Broj,Žene,8,12949.56
2030,Broj,Žene,9,13227.82
2030,Broj,Žene,10,13487.9
2030,Broj,Žene,11,13765.8
2030,Broj,Žene,12,13431.25
2030,Broj,Žene,13,13882.07
2030,Broj,Žene,14,13947.17
2030,Broj,Žene,15,13985.94
2030,Broj,Žene,16,14196.97
2030,Broj,Žene,17,14256.68
2030,Broj,Žene,18,16037.5
2030,Broj,Žene,19,15549.5
2030,Broj,Žene,20,15924.58
2030,Broj,Žene,21,15928.5
2030,Broj,Žene,22,15641.97
2030,Broj,Žene,23,14715.89
2030,Broj,Žene,24,14440.23
2030,Broj,Žene,25,14371.61
2030,Broj,Žene,26,14048.01
2030,Broj,Žene,27,14017.2
2030,Broj,Žene,28,14155.09
2030,Broj,Žene,29,14631.93
2030,Broj,Žene,30,15073.1
2030,Broj,Žene,31,15700.04
2030,Broj,Žene,32,17259.32
2030,Broj,Žene,33,19218.72
2030,Broj,Žene,34,20421.57
2030,Broj,Žene,35,21206.15
2030,Broj,Žene,36,18148.44
2030,Broj,Žene,37,15646.6
2030,Broj,Žene,38,18599.7
2030,Broj,Žene,39,21101.57
2030,Broj,Žene,40,20774.08
2030,Broj,Žene,41,21112.11
2030,Broj,Žene,42,22174.18
2030,Broj,Žene,43,22060.28
2030,Broj,Žene,44,22188.78
2030,Broj,Žene,45,22711.9
2030,Broj,Žene,46,23292.28
2030,Broj,Žene,47,23144.04
2030,Broj,Žene,48,23447.31
2030,Broj,Žene,49,23316.55
2030,Broj,Žene,50,23334.62
2030,Broj,Žene,51,23142.44
2030,Broj,Žene,52,23042.25
2030,Broj,Žene,53,23195.57
2030,Broj,Žene,54,24188.47
2030,Broj,Žene,55,23496.09
2030,Broj,Žene,56,23209.91
2030,Broj,Žene,57,22995.67
2030,Broj,Žene,58,23520.63
2030,Broj,Žene,59,23339.05
2030,Broj,Žene,60,21792.61
2030,Broj,Žene,61,23243.17
2030,Broj,Žene,62,23688.55
2030,Broj,Žene,63,24018.57
2030,Broj,Žene,64,25080.29
2030,Broj,Žene,65,25688.27
2030,Broj,Žene,66,24841.74
2030,Broj,Žene,67,25065.71
2030,Broj,Žene,68,25686.12
2030,Broj,Žene,69,25418.07
2030,Broj,Žene,70,25233.27
2030,Broj,Žene,71,24016.33
2030,Broj,Žene,72,24136.05
2030,Broj,Žene,73,21464.91
2030,Broj,Žene,74,22042.02
2030,Broj,Žene,75,21025.61
2030,Broj,Žene,76,20962.62
2030,Broj,Žene,77,19016.35
2030,Broj,Žene,78,18855.08
2030,Broj,Žene,79,14508.77
2030,Broj,Žene,80,15088.67
2030,Broj,Žene,81,13995.81
2030,Broj,Žene,82,11838.29
2030,Broj,Žene,83,10782.65
2030,Broj,Žene,84,9067.9
2030,Broj,Žene,85,6724.49
2030,Broj,Žene,86,5823.03
2030,Broj,Žene,87,5383.5
2030,Broj,Žene,88,4958.45
2030,Broj,Žene,89,4768.22
2030,Broj,Žene,90,4434.96
2030,Broj,Žene,91,3542.18
2030,Broj,Žene,92,2854.57
2030,Broj,Žene,93,2202.27
2030,Broj,Žene,94,1657.08
2030,Broj,Žene,95,1192.7
2030,Broj,Žene,96,843.23
2030,Broj,Žene,97,572.32
2030,Broj,Žene,98,362.32
2030,Broj,Žene,99,218.55
2030,Broj,Žene,100,152.59
2030,Broj,Žene,101,78.79
2030,Broj,Žene,102,49.5
2030,Broj,Žene,103,23.04
2030,Broj,Žene,104,12.38
2030,Broj,Žene,105,6.4
2030,Broj,Žene,106,3.09
2030,Broj,Žene,107,1.46
2030,Broj,Žene,108,0.82
2030,Broj,Žene,109,0.3
2030,Broj,Žene,110,0.15
2030,Broj,Žene,111,0.06
2030,Broj,Žene,112,0.05
2030,Broj,Žene,113,0.02
2030,Broj,Žene,114,0.01
2030,Broj,Žene,115,0.0
2030,Broj,Žene,116,0.0
2030,Broj,Žene,117,0.0
2030,Broj,Žene,118,0.0
2030,Broj,Žene,119,0.0
2030,Broj,Žene,120+,0.0
2030,_%,Žene,Total,100.0
2030,_%,Žene,0,0.68
2030,_%,Žene,1,0.69
2030,_%,Žene,2,0.7
2030,_%,Žene,3,0.71
2030,_%,Žene,4,0.73
2030,_%,Žene,5,0.75
2030,_%,Žene,6,0.77
2030,_%,Žene,7,0.78
2030,_%,Žene,8,0.8
2030,_%,Žene,9,0.82
2030,_%,Žene,10,0.84
2030,_%,Žene,11,0.85
2030,_%,Žene,12,0.83
2030,_%,Žene,13,0.86
2030,_%,Žene,14,0.86
2030,_%,Žene,15,0.87
2030,_%,Žene,16,0.88
2030,_%,Žene,17,0.88
2030,_%,Žene,18,0.99
2030,_%,Žene,19,0.96
2030,_%,Žene,20,0.99
2030,_%,Žene,21,0.99
2030,_%,Žene,22,0.97
2030,_%,Žene,23,0.91
2030,_%,Žene,24,0.9
2030,_%,Žene,25,0.89
2030,_%,Žene,26,0.87
2030,_%,Žene,27,0.87
2030,_%,Žene,28,0.88
2030,_%,Žene,29,0.91
2030,_%,Žene,30,0.93
2030,_%,Žene,31,0.97
2030,_%,Žene,32,1.07
2030,_%,Žene,33,1.19
2030,_%,Žene,34,1.27
2030,_%,Žene,35,1.31
2030,_%,Žene,36,1.13
2030,_%,Žene,37,0.97
2030,_%,Žene,38,1.15
2030,_%,Žene,39,1.31
2030,_%,Žene,40,1.29
2030,_%,Žene,41,1.31
2030,_%,Žene,42,1.37
2030,_%,Žene,43,1.37
2030,_%,Žene,44,1.38
2030,_%,Žene,45,1.41
2030,_%,Žene,46,1.44
2030,_%,Žene,47,1.44
2030,_%,Žene,48,1.45
2030,_%,Žene,49,1.45
2030,_%,Žene,50,1.45
2030,_%,Žene,51,1.43
2030,_%,Žene,52,1.43
2030,_%,Žene,53,1.44
2030,_%,Žene,54,1.5
2030,_%,Žene,55,1.46
2030,_%,Žene,56,1.44
2030,_%,Žene,57,1.43
2030,_%,Žene,58,1.46
2030,_%,Žene,59,1.45
2030,_%,Žene,60,1.35
2030,_%,Žene,61,1.44
2030,_%,Žene,62,1.47
2030,_%,Žene,63,1.49
2030,_%,Žene,64,1.56
2030,_%,Žene,65,1.59
2030,_%,Žene,66,1.54
2030,_%,Žene,67,1.55
2030,_%,Žene,68,1.59
2030,_%,Žene,69,1.58
2030,_%,Žene,70,1.56
2030,_%,Žene,71,1.49
2030,_%,Žene,72,1.5
2030,_%,Žene,73,1.33
2030,_%,Žene,74,1.37
2030,_%,Žene,75,1.3
2030,_%,Žene,76,1.3
2030,_%,Žene,77,1.18
2030,_%,Žene,78,1.17
2030,_%,Žene,79,0.9
2030,_%,Žene,80,0.94
2030,_%,Žene,81,0.87
2030,_%,Žene,82,0.73
2030,_%,Žene,83,0.67
2030,_%,Žene,84,0.56
2030,_%,Žene,85,0.42
2030,_%,Žene,86,0.36
2030,_%,Žene,87,0.33
2030,_%,Žene,88,0.31
2030,_%,Žene,89,0.3
2030,_%,Žene,90,0.27
2030,_%,Žene,91,0.22
2030,_%,Žene,92,0.18
2030,_%,Žene,93,0.14
2030,_%,Žene,94,0.1
2030,_%,Žene,95,0.07
2030,_%,Žene,96,0.05
2030,_%,Žene,97,0.04
2030,_%,Žene,98,0.02
2030,_%,Žene,99,0.01
2030,_%,Žene,100,0.01
2030,_%,Žene,101,0.0
2030,_%,Žene,102,0.0
2030,_%,Žene,103,0.0
2030,_%,Žene,104,0.0
2030,_%,Žene,105,0.0
2030,_%,Žene,106,0.0
2030,_%,Žene,107,0.0
2030,_%,Žene,108,0.0
2030,_%,Žene,109,0.0
2030,_%,Žene,110,0.0
2030,_%,Žene,111,0.0
2030,_%,Žene,112,0.0
2030,_%,Žene,113,0.0
2030,_%,Žene,114,0.0
2030,_%,Žene,115,0.0
2030,_%,Žene,116,0.0
2030,_%,Žene,117,0.0
2030,_%,Žene,118,0.0
2030,_%,Žene,119,0.0
2030,_%,Žene,120+,0.0
2035,Broj,Žene,Total,1529811.5
2035,Broj,Žene,0,9614.97
2035,Broj,Žene,1,9730.6
2035,Broj,Žene,2,9886.5
2035,Broj,Žene,3,10080.08
2035,Broj,Žene,4,10308.7
2035,Broj,Žene,5,10567.43
2035,Broj,Žene,6,10822.3
2035,Broj,Žene,7,11091.56
2035,Broj,Žene,8,11370.9
2035,Broj,Žene,9,11656.89
2035,Broj,Žene,10,11947.35
2035,Broj,Žene,11,12240.2
2035,Broj,Žene,12,12530.46
2035,Broj,Žene,13,12810.69
2035,Broj,Žene,14,13074.77
2035,Broj,Žene,15,13317.65
2035,Broj,Žene,16,13561.04
2035,Broj,Žene,17,13150.6
2035,Broj,Žene,18,13462.56
2035,Broj,Žene,19,13334.93
2035,Broj,Žene,20,13140.21
2035,Broj,Žene,21,13107.14
2035,Broj,Žene,22,12899.99
2035,Broj,Žene,23,14416.25
2035,Broj,Žene,24,13784.08
2035,Broj,Žene,25,14108.87
2035,Broj,Žene,26,14129.43
2035,Broj,Žene,27,13969.17
2035,Broj,Žene,28,13242.41
2035,Broj,Žene,29,13163.82
2035,Broj,Žene,30,13275.09
2035,Broj,Žene,31,13119.57
2035,Broj,Žene,32,13217.77
2035,Broj,Žene,33,13437.71
2035,Broj,Žene,34,13957.96
2035,Broj,Žene,35,14422.45
2035,Broj,Žene,36,15053.02
2035,Broj,Žene,37,16578.93
2035,Broj,Žene,38,18492.05
2035,Broj,Žene,39,19673.34
2035,Broj,Žene,40,20509.5
2035,Broj,Žene,41,17607.76
2035,Broj,Žene,42,15209.0
2035,Broj,Žene,43,18091.66
2035,Broj,Žene,44,20505.05
2035,Broj,Žene,45,20177.15
2035,Broj,Žene,46,20529.45
2035,Broj,Žene,47,21600.36
2035,Broj,Žene,48,21524.53
2035,Broj,Žene,49,21695.64
2035,Broj,Žene,50,22247.42
2035,Broj,Žene,51,22854.52
2035,Broj,Žene,52,22742.03
2035,Broj,Žene,53,23072.35
2035,Broj,Žene,54,22967.29
2035,Broj,Žene,55,23005.1
2035,Broj,Žene,56,22829.66
2035,Broj,Žene,57,22736.4
2035,Broj,Žene,58,22880.47
2035,Broj,Žene,59,23842.85
2035,Broj,Žene,60,23153.09
2035,Broj,Žene,61,22859.96
2035,Broj,Žene,62,22626.38
2035,Broj,Žene,63,23099.92
2035,Broj,Žene,64,22878.25
2035,Broj,Žene,65,21320.38
2035,Broj,Žene,66,22626.24
2035,Broj,Žene,67,22926.58
2035,Broj,Žene,68,23089.72
2035,Broj,Žene,69,23920.77
2035,Broj,Žene,70,24297.07
2035,Broj,Žene,71,23295.96
2035,Broj,Žene,72,23289.44
2035,Broj,Žene,73,23628.12
2035,Broj,Žene,74,23129.59
2035,Broj,Žene,75,22689.84
2035,Broj,Žene,76,21309.26
2035,Broj,Žene,77,21097.94
2035,Broj,Žene,78,18449.82
2035,Broj,Žene,79,18585.95
2035,Broj,Žene,80,17349.3
2035,Broj,Žene,81,16886.54
2035,Broj,Žene,82,14910.74
2035,Broj,Žene,83,14353.09
2035,Broj,Žene,84,10682.79
2035,Broj,Žene,85,10709.44
2035,Broj,Žene,86,9536.87
2035,Broj,Žene,87,7714.55
2035,Broj,Žene,88,6693.49
2035,Broj,Žene,89,5339.07
2035,Broj,Žene,90,3736.3
2035,Broj,Žene,91,3033.81
2035,Broj,Žene,92,2611.78
2035,Broj,Žene,93,2224.08
2035,Broj,Žene,94,1961.33
2035,Broj,Žene,95,1660.66
2035,Broj,Žene,96,1203.34
2035,Broj,Žene,97,879.76
2035,Broj,Žene,98,611.93
2035,Broj,Žene,99,413.4
2035,Broj,Žene,100,266.06
2035,Broj,Žene,101,166.63
2035,Broj,Žene,102,99.15
2035,Broj,Žene,103,54.77
2035,Broj,Žene,104,28.7
2035,Broj,Žene,105,17.32
2035,Broj,Žene,106,7.67
2035,Broj,Žene,107,4.1
2035,Broj,Žene,108,1.61
2035,Broj,Žene,109,0.73
2035,Broj,Žene,110,0.32
2035,Broj,Žene,111,0.13
2035,Broj,Žene,112,0.05
2035,Broj,Žene,113,0.02
2035,Broj,Žene,114,0.01
2035,Broj,Žene,115,0.0
2035,Broj,Žene,116,0.0
2035,Broj,Žene,117,0.0
2035,Broj,Žene,118,0.0
2035,Broj,Žene,119,0.0
2035,Broj,Žene,120+,0.0
2035,_%,Žene,Total,100.0
2035,_%,Žene,0,0.63
2035,_%,Žene,1,0.64
2035,_%,Žene,2,0.65
2035,_%,Žene,3,0.66
2035,_%,Žene,4,0.67
2035,_%,Žene,5,0.69
2035,_%,Žene,6,0.71
2035,_%,Žene,7,0.73
2035,_%,Žene,8,0.74
2035,_%,Žene,9,0.76
2035,_%,Žene,10,0.78
2035,_%,Žene,11,0.8
2035,_%,Žene,12,0.82
2035,_%,Žene,13,0.84
2035,_%,Žene,14,0.85
2035,_%,Žene,15,0.87
2035,_%,Žene,16,0.89
2035,_%,Žene,17,0.86
2035,_%,Žene,18,0.88
2035,_%,Žene,19,0.87
2035,_%,Žene,20,0.86
2035,_%,Žene,21,0.86
2035,_%,Žene,22,0.84
2035,_%,Žene,23,0.94
2035,_%,Žene,24,0.9
2035,_%,Žene,25,0.92
2035,_%,Žene,26,0.92
2035,_%,Žene,27,0.91
2035,_%,Žene,28,0.87
2035,_%,Žene,29,0.86
2035,_%,Žene,30,0.87
2035,_%,Žene,31,0.86
2035,_%,Žene,32,0.86
2035,_%,Žene,33,0.88
2035,_%,Žene,34,0.91
2035,_%,Žene,35,0.94
2035,_%,Žene,36,0.98
2035,_%,Žene,37,1.08
2035,_%,Žene,38,1.21
2035,_%,Žene,39,1.29
2035,_%,Žene,40,1.34
2035,_%,Žene,41,1.15
2035,_%,Žene,42,0.99
2035,_%,Žene,43,1.18
2035,_%,Žene,44,1.34
2035,_%,Žene,45,1.32
2035,_%,Žene,46,1.34
2035,_%,Žene,47,1.41
2035,_%,Žene,48,1.41
2035,_%,Žene,49,1.42
2035,_%,Žene,50,1.45
2035,_%,Žene,51,1.49
2035,_%,Žene,52,1.49
2035,_%,Žene,53,1.51
2035,_%,Žene,54,1.5
2035,_%,Žene,55,1.5
2035,_%,Žene,56,1.49
2035,_%,Žene,57,1.49
2035,_%,Žene,58,1.5
2035,_%,Žene,59,1.56
2035,_%,Žene,60,1.51
2035,_%,Žene,61,1.49
2035,_%,Žene,62,1.48
2035,_%,Žene,63,1.51
2035,_%,Žene,64,1.5
2035,_%,Žene,65,1.39
2035,_%,Žene,66,1.48
2035,_%,Žene,67,1.5
2035,_%,Žene,68,1.51
2035,_%,Žene,69,1.56
2035,_%,Žene,70,1.59
2035,_%,Žene,71,1.52
2035,_%,Žene,72,1.52
2035,_%,Žene,73,1.54
2035,_%,Žene,74,1.51
2035,_%,Žene,75,1.48
2035,_%,Žene,76,1.39
2035,_%,Žene,77,1.38
2035,_%,Žene,78,1.21
2035,_%,Žene,79,1.21
2035,_%,Žene,80,1.13
2035,_%,Žene,81,1.1
2035,_%,Žene,82,0.97
2035,_%,Žene,83,0.94
2035,_%,Žene,84,0.7
2035,_%,Žene,85,0.7
2035,_%,Žene,86,0.62
2035,_%,Žene,87,0.5
2035,_%,Žene,88,0.44
2035,_%,Žene,89,0.35
2035,_%,Žene,90,0.24
2035,_%,Žene,91,0.2
2035,_%,Žene,92,0.17
2035,_%,Žene,93,0.15
2035,_%,Žene,94,0.13
2035,_%,Žene,95,0.11
2035,_%,Žene,96,0.08
2035,_%,Žene,97,0.06
2035,_%,Žene,98,0.04
2035,_%,Žene,99,0.03
2035,_%,Žene,100,0.02
2035,_%,Žene,101,0.01
2035,_%,Žene,102,0.01
2035,_%,Žene,103,0.0
2035,_%,Žene,104,0.0
2035,_%,Žene,105,0.0
2035,_%,Žene,106,0.0
2035,_%,Žene,107,0.0
2035,_%,Žene,108,0.0
2035,_%,Žene,109,0.0
2035,_%,Žene,110,0.0
2035,_%,Žene,111,0.0
2035,_%,Žene,112,0.0
2035,_%,Žene,113,0.0
2035,_%,Žene,114,0.0
2035,_%,Žene,115,0.0
2035,_%,Žene,116,0.0
2035,_%,Žene,117,0.0
2035,_%,Žene,118,0.0
2035,_%,Žene,119,0.0
2035,_%,Žene,120+,0.0
2040,Broj,Žene,Total,1439839.01
2040,Broj,Žene,0,8684.5
2040,Broj,Žene,1,8742.64
2040,Broj,Žene,2,8833.83
2040,Broj,Žene,3,8957.81
2040,Broj,Žene,4,9112.74
2040,Broj,Žene,5,9293.21
2040,Broj,Žene,6,9495.21
2040,Broj,Žene,7,9715.75
2040,Broj,Žene,8,9953.12
2040,Broj,Žene,9,10206.56
2040,Broj,Žene,10,10475.23
2040,Broj,Žene,11,10729.53
2040,Broj,Žene,12,10992.1
2040,Broj,Žene,13,11259.95
2040,Broj,Žene,14,11531.36
2040,Broj,Žene,15,11804.1
2040,Broj,Žene,16,12057.39
2040,Broj,Žene,17,12264.56
2040,Broj,Žene,18,12409.21
2040,Broj,Žene,19,12483.81
2040,Broj,Žene,20,12491.1
2040,Broj,Žene,21,12506.97
2040,Broj,Žene,22,11918.68
2040,Broj,Žene,23,12088.0
2040,Broj,Žene,24,11878.5
2040,Broj,Žene,25,11672.68
2040,Broj,Žene,26,11677.42
2040,Broj,Žene,27,11490.01
2040,Broj,Žene,28,13021.23
2040,Broj,Žene,29,12504.35
2040,Broj,Žene,30,12982.53
2040,Broj,Žene,31,13142.16
2040,Broj,Žene,32,13131.82
2040,Broj,Žene,33,12543.88
2040,Broj,Žene,34,12554.46
2040,Broj,Žene,35,12721.33
2040,Broj,Žene,36,12621.84
2040,Broj,Žene,37,12769.96
2040,Broj,Žene,38,13023.88
2040,Broj,Žene,39,13561.91
2040,Broj,Žene,40,14031.35
2040,Broj,Žene,41,14641.59
2040,Broj,Žene,42,16107.55
2040,Broj,Žene,43,17946.18
2040,Broj,Žene,44,19078.24
2040,Broj,Žene,45,19935.21
2040,Broj,Žene,46,17158.59
2040,Broj,Žene,47,14858.03
2040,Broj,Žene,48,17705.53
2040,Broj,Žene,49,20076.52
2040,Broj,Žene,50,19775.56
2040,Broj,Žene,51,20155.02
2040,Broj,Žene,52,21235.81
2040,Broj,Žene,53,21184.15
2040,Broj,Žene,54,21373.3
2040,Broj,Žene,55,21927.56
2040,Broj,Žene,56,22531.85
2040,Broj,Žene,57,22423.65
2040,Broj,Žene,58,22747.77
2040,Broj,Žene,59,22639.5
2040,Broj,Žene,60,22668.07
2040,Broj,Žene,61,22482.92
2040,Broj,Žene,62,22371.59
2040,Broj,Žene,63,22478.3
2040,Broj,Žene,64,23368.39
2040,Broj,Žene,65,22639.94
2040,Broj,Žene,66,22276.45
2040,Broj,Žene,67,21943.51
2040,Broj,Žene,68,22266.32
2040,Broj,Žene,69,21907.05
2040,Broj,Žene,70,20269.39
2040,Broj,Žene,71,21331.54
2040,Broj,Žene,72,21427.11
2040,Broj,Žene,73,21381.2
2040,Broj,Žene,74,21927.37
2040,Broj,Žene,75,22026.42
2040,Broj,Žene,76,20860.23
2040,Broj,Žene,77,20564.59
2040,Broj,Žene,78,20534.64
2040,Broj,Žene,79,19746.15
2040,Broj,Žene,80,18991.18
2040,Broj,Žene,81,17443.54
2040,Broj,Žene,82,16850.43
2040,Broj,Žene,83,14331.08
2040,Broj,Žene,84,14001.63
2040,Broj,Žene,85,12629.08
2040,Broj,Žene,86,11842.12
2040,Broj,Žene,87,10030.64
2040,Broj,Žene,88,9234.07
2040,Broj,Žene,89,6534.77
2040,Broj,Žene,90,6208.59
2040,Broj,Žene,91,5204.62
2040,Broj,Žene,92,3940.17
2040,Broj,Žene,93,3182.03
2040,Broj,Žene,94,2342.95
2040,Broj,Žene,95,1498.41
2040,Broj,Žene,96,1111.34
2040,Broj,Žene,97,872.62
2040,Broj,Žene,98,673.36
2040,Broj,Žene,99,535.96
2040,Broj,Žene,100,407.63
2040,Broj,Žene,101,262.63
2040,Broj,Žene,102,168.92
2040,Broj,Žene,103,102.81
2040,Broj,Žene,104,60.47
2040,Broj,Žene,105,33.67
2040,Broj,Žene,106,18.07
2040,Broj,Žene,107,9.12
2040,Broj,Žene,108,4.23
2040,Broj,Žene,109,1.85
2040,Broj,Žene,110,0.93
2040,Broj,Žene,111,0.34
2040,Broj,Žene,112,0.15
2040,Broj,Žene,113,0.05
2040,Broj,Žene,114,0.02
2040,Broj,Žene,115,0.01
2040,Broj,Žene,116,0.0
2040,Broj,Žene,117,0.0
2040,Broj,Žene,118,0.0
2040,Broj,Žene,119,0.0
2040,Broj,Žene,120+,0.0
2040,_%,Žene,Total,100.0
2040,_%,Žene,0,0.6
2040,_%,Žene,1,0.61
2040,_%,Žene,2,0.61
2040,_%,Žene,3,0.62
2040,_%,Žene,4,0.63
2040,_%,Žene,5,0.65
2040,_%,Žene,6,0.66
2040,_%,Žene,7,0.67
2040,_%,Žene,8,0.69
2040,_%,Žene,9,0.71
2040,_%,Žene,10,0.73
2040,_%,Žene,11,0.75
2040,_%,Žene,12,0.76
2040,_%,Žene,13,0.78
2040,_%,Žene,14,0.8
2040,_%,Žene,15,0.82
2040,_%,Žene,16,0.84
2040,_%,Žene,17,0.85
2040,_%,Žene,18,0.86
2040,_%,Žene,19,0.87
2040,_%,Žene,20,0.87
2040,_%,Žene,21,0.87
2040,_%,Žene,22,0.83
2040,_%,Žene,23,0.84
2040,_%,Žene,24,0.82
2040,_%,Žene,25,0.81
2040,_%,Žene,26,0.81
2040,_%,Žene,27,0.8
2040,_%,Žene,28,0.9
2040,_%,Žene,29,0.87
2040,_%,Žene,30,0.9
2040,_%,Žene,31,0.91
2040,_%,Žene,32,0.91
2040,_%,Žene,33,0.87
2040,_%,Žene,34,0.87
2040,_%,Žene,35,0.88
2040,_%,Žene,36,0.88
2040,_%,Žene,37,0.89
2040,_%,Žene,38,0.9
2040,_%,Žene,39,0.94
2040,_%,Žene,40,0.97
2040,_%,Žene,41,1.02
2040,_%,Žene,42,1.12
2040,_%,Žene,43,1.25
2040,_%,Žene,44,1.33
2040,_%,Žene,45,1.38
2040,_%,Žene,46,1.19
2040,_%,Žene,47,1.03
2040,_%,Žene,48,1.23
2040,_%,Žene,49,1.39
2040,_%,Žene,50,1.37
2040,_%,Žene,51,1.4
2040,_%,Žene,52,1.47
2040,_%,Žene,53,1.47
2040,_%,Žene,54,1.48
2040,_%,Žene,55,1.52
2040,_%,Žene,56,1.56
2040,_%,Žene,57,1.56
2040,_%,Žene,58,1.58
2040,_%,Žene,59,1.57
2040,_%,Žene,60,1.57
2040,_%,Žene,61,1.56
2040,_%,Žene,62,1.55
2040,_%,Žene,63,1.56
2040,_%,Žene,64,1.62
2040,_%,Žene,65,1.57
2040,_%,Žene,66,1.55
2040,_%,Žene,67,1.52
2040,_%,Žene,68,1.55
2040,_%,Žene,69,1.52
2040,_%,Žene,70,1.41
2040,_%,Žene,71,1.48
2040,_%,Žene,72,1.49
2040,_%,Žene,73,1.48
2040,_%,Žene,74,1.52
2040,_%,Žene,75,1.53
2040,_%,Žene,76,1.45
2040,_%,Žene,77,1.43
2040,_%,Žene,78,1.43
2040,_%,Žene,79,1.37
2040,_%,Žene,80,1.32
2040,_%,Žene,81,1.21
2040,_%,Žene,82,1.17
2040,_%,Žene,83,1.0
2040,_%,Žene,84,0.97
2040,_%,Žene,85,0.88
2040,_%,Žene,86,0.82
2040,_%,Žene,87,0.7
2040,_%,Žene,88,0.64
2040,_%,Žene,89,0.45
2040,_%,Žene,90,0.43
2040,_%,Žene,91,0.36
2040,_%,Žene,92,0.27
2040,_%,Žene,93,0.22
2040,_%,Žene,94,0.16
2040,_%,Žene,95,0.1
2040,_%,Žene,96,0.08
2040,_%,Žene,97,0.06
2040,_%,Žene,98,0.05
2040,_%,Žene,99,0.04
2040,_%,Žene,100,0.03
2040,_%,Žene,101,0.02
2040,_%,Žene,102,0.01
2040,_%,Žene,103,0.01
2040,_%,Žene,104,0.0
2040,_%,Žene,105,0.0
2040,_%,Žene,106,0.0
2040,_%,Žene,107,0.0
2040,_%,Žene,108,0.0
2040,_%,Žene,109,0.0
2040,_%,Žene,110,0.0
2040,_%,Žene,111,0.0
2040,_%,Žene,112,0.0
2040,_%,Žene,113,0.0
2040,_%,Žene,114,0.0
2040,_%,Žene,115,0.0
2040,_%,Žene,116,0.0
2040,_%,Žene,117,0.0
2040,_%,Žene,118,0.0
2040,_%,Žene,119,0.0
2040,_%,Žene,120+,0.0
2045,Broj,Žene,Total,1344965.31
2045,Broj,Žene,0,7903.0
2045,Broj,Žene,1,7961.24
2045,Broj,Žene,2,8041.66
2045,Broj,Žene,3,8142.16
2045,Broj,Žene,4,8260.94
2045,Broj,Žene,5,8395.01
2045,Broj,Žene,6,8533.3
2045,Broj,Žene,7,8685.31
2045,Broj,Žene,8,8851.23
2045,Broj,Žene,9,9031.0
2045,Broj,Žene,10,9222.59
2045,Broj,Žene,11,9425.52
2045,Broj,Žene,12,9640.89
2045,Broj,Žene,13,9868.36
2045,Broj,Žene,14,10108.63
2045,Broj,Žene,15,10361.2
2045,Broj,Žene,16,10580.48
2045,Broj,Žene,17,10769.72
2045,Broj,Žene,18,10917.35
2045,Broj,Žene,19,11019.44
2045,Broj,Žene,20,11080.37
2045,Broj,Žene,21,11111.58
2045,Broj,Žene,22,11124.84
2045,Broj,Žene,23,11121.64
2045,Broj,Žene,24,11103.31
2045,Broj,Žene,25,11075.26
2045,Broj,Žene,26,11129.49
2045,Broj,Žene,27,10634.65
2045,Broj,Žene,28,10907.74
2045,Broj,Žene,29,10829.53
2045,Broj,Žene,30,10772.77
2045,Broj,Žene,31,10909.02
2045,Broj,Žene,32,10795.92
2045,Broj,Žene,33,12355.74
2045,Broj,Žene,34,11887.35
2045,Broj,Žene,35,12409.36
2045,Broj,Žene,36,12607.55
2045,Broj,Žene,37,12658.12
2045,Broj,Žene,38,12139.78
2045,Broj,Žene,39,12198.96
2045,Broj,Žene,40,12394.79
2045,Broj,Žene,41,12317.29
2045,Broj,Žene,42,12475.13
2045,Broj,Žene,43,12724.55
2045,Broj,Žene,44,13250.02
2045,Broj,Žene,45,13707.99
2045,Broj,Žene,46,14300.77
2045,Broj,Žene,47,15731.38
2045,Broj,Žene,48,17534.93
2045,Broj,Žene,49,18656.6
2045,Broj,Žene,50,19548.02
2045,Broj,Žene,51,16881.89
2045,Broj,Žene,52,14664.43
2045,Broj,Žene,53,17476.43
2045,Broj,Žene,54,19801.74
2045,Broj,Žene,55,19509.6
2045,Broj,Žene,56,19890.86
2045,Broj,Žene,57,20953.83
2045,Broj,Žene,58,20900.08
2045,Broj,Žene,59,21081.41
2045,Broj,Žene,60,21613.17
2045,Broj,Žene,61,22189.33
2045,Broj,Žene,62,22063.74
2045,Broj,Žene,63,22353.16
2045,Broj,Žene,64,22209.98
2045,Broj,Žene,65,22185.7
2045,Broj,Žene,66,21932.21
2045,Broj,Žene,67,21727.29
2045,Broj,Žene,68,21709.61
2045,Broj,Žene,69,22423.04
2045,Broj,Žene,70,21577.66
2045,Broj,Žene,71,21079.23
2045,Broj,Žene,72,20604.63
2045,Broj,Žene,73,20734.68
2045,Broj,Žene,74,20219.39
2045,Broj,Žene,75,18522.8
2045,Broj,Žene,76,19270.77
2045,Broj,Žene,77,19105.46
2045,Broj,Žene,78,18785.51
2045,Broj,Žene,79,18947.64
2045,Broj,Žene,80,18684.99
2045,Broj,Žene,81,17334.48
2045,Broj,Žene,82,16698.74
2045,Broj,Žene,83,16250.49
2045,Broj,Žene,84,15186.14
2045,Broj,Žene,85,14154.31
2045,Broj,Žene,86,12555.66
2045,Broj,Žene,87,11677.93
2045,Broj,Žene,88,9516.93
2045,Broj,Žene,89,8882.13
2045,Broj,Žene,90,7611.17
2045,Broj,Žene,91,6747.55
2045,Broj,Žene,92,5369.88
2045,Broj,Žene,93,4624.87
2045,Broj,Žene,94,3027.68
2045,Broj,Žene,95,2650.2
2045,Broj,Žene,96,2038.34
2045,Broj,Žene,97,1412.46
2045,Broj,Žene,98,1039.58
2045,Broj,Žene,99,693.43
2045,Broj,Žene,100,399.7
2045,Broj,Žene,101,264.69
2045,Broj,Žene,102,183.39
2045,Broj,Žene,103,124.14
2045,Broj,Žene,104,86.19
2045,Broj,Žene,105,56.77
2045,Broj,Žene,106,31.33
2045,Broj,Žene,107,17.05
2045,Broj,Žene,108,8.69
2045,Broj,Žene,109,4.24
2045,Broj,Žene,110,1.96
2045,Broj,Žene,111,0.87
2045,Broj,Žene,112,0.37
2045,Broj,Žene,113,0.14
2045,Broj,Žene,114,0.05
2045,Broj,Žene,115,0.02
2045,Broj,Žene,116,0.01
2045,Broj,Žene,117,0.0
2045,Broj,Žene,118,0.0
2045,Broj,Žene,119,0.0
2045,Broj,Žene,120+,0.0
2045,_%,Žene,Total,100.0
2045,_%,Žene,0,0.59
2045,_%,Žene,1,0.59
2045,_%,Žene,2,0.6
2045,_%,Žene,3,0.61
2045,_%,Žene,4,0.61
2045,_%,Žene,5,0.62
2045,_%,Žene,6,0.63
2045,_%,Žene,7,0.65
2045,_%,Žene,8,0.66
2045,_%,Žene,9,0.67
2045,_%,Žene,10,0.69
2045,_%,Žene,11,0.7
2045,_%,Žene,12,0.72
2045,_%,Žene,13,0.73
2045,_%,Žene,14,0.75
2045,_%,Žene,15,0.77
2045,_%,Žene,16,0.79
2045,_%,Žene,17,0.8
2045,_%,Žene,18,0.81
2045,_%,Žene,19,0.82
2045,_%,Žene,20,0.82
2045,_%,Žene,21,0.83
2045,_%,Žene,22,0.83
2045,_%,Žene,23,0.83
2045,_%,Žene,24,0.83
2045,_%,Žene,25,0.82
2045,_%,Žene,26,0.83
2045,_%,Žene,27,0.79
2045,_%,Žene,28,0.81
2045,_%,Žene,29,0.81
2045,_%,Žene,30,0.8
2045,_%,Žene,31,0.81
2045,_%,Žene,32,0.8
2045,_%,Žene,33,0.92
2045,_%,Žene,34,0.88
2045,_%,Žene,35,0.92
2045,_%,Žene,36,0.94
2045,_%,Žene,37,0.94
2045,_%,Žene,38,0.9
2045,_%,Žene,39,0.91
2045,_%,Žene,40,0.92
2045,_%,Žene,41,0.92
2045,_%,Žene,42,0.93
2045,_%,Žene,43,0.95
2045,_%,Žene,44,0.99
2045,_%,Žene,45,1.02
2045,_%,Žene,46,1.06
2045,_%,Žene,47,1.17
2045,_%,Žene,48,1.3
2045,_%,Žene,49,1.39
2045,_%,Žene,50,1.45
2045,_%,Žene,51,1.26
2045,_%,Žene,52,1.09
2045,_%,Žene,53,1.3
2045,_%,Žene,54,1.47
2045,_%,Žene,55,1.45
2045,_%,Žene,56,1.48
2045,_%,Žene,57,1.56
2045,_%,Žene,58,1.55
2045,_%,Žene,59,1.57
2045,_%,Žene,60,1.61
2045,_%,Žene,61,1.65
2045,_%,Žene,62,1.64
2045,_%,Žene,63,1.66
2045,_%,Žene,64,1.65
2045,_%,Žene,65,1.65
2045,_%,Žene,66,1.63
2045,_%,Žene,67,1.62
2045,_%,Žene,68,1.61
2045,_%,Žene,69,1.67
2045,_%,Žene,70,1.6
2045,_%,Žene,71,1.57
2045,_%,Žene,72,1.53
2045,_%,Žene,73,1.54
2045,_%,Žene,74,1.5
2045,_%,Žene,75,1.38
2045,_%,Žene,76,1.43
2045,_%,Žene,77,1.42
2045,_%,Žene,78,1.4
2045,_%,Žene,79,1.41
2045,_%,Žene,80,1.39
2045,_%,Žene,81,1.29
2045,_%,Žene,82,1.24
2045,_%,Žene,83,1.21
2045,_%,Žene,84,1.13
2045,_%,Žene,85,1.05
2045,_%,Žene,86,0.93
2045,_%,Žene,87,0.87
2045,_%,Žene,88,0.71
2045,_%,Žene,89,0.66
2045,_%,Žene,90,0.57
2045,_%,Žene,91,0.5
2045,_%,Žene,92,0.4
2045,_%,Žene,93,0.34
2045,_%,Žene,94,0.23
2045,_%,Žene,95,0.2
2045,_%,Žene,96,0.15
2045,_%,Žene,97,0.11
2045,_%,Žene,98,0.08
2045,_%,Žene,99,0.05
2045,_%,Žene,100,0.03
2045,_%,Žene,101,0.02
2045,_%,Žene,102,0.01
2045,_%,Žene,103,0.01
2045,_%,Žene,104,0.01
2045,_%,Žene,105,0.0
2045,_%,Žene,106,0.0
2045,_%,Žene,107,0.0
2045,_%,Žene,108,0.0
2045,_%,Žene,109,0.0
2045,_%,Žene,110,0.0
2045,_%,Žene,111,0.0
2045,_%,Žene,112,0.0
2045,_%,Žene,113,0.0
2045,_%,Žene,114,0.0
2045,_%,Žene,115,0.0
2045,_%,Žene,116,0.0
2045,_%,Žene,117,0.0
2045,_%,Žene,118,0.0
2045,_%,Žene,119,0.0
2045,_%,Žene,120+,0.0
2050,Broj,Žene,Total,1247900.08
2050,Broj,Žene,0,7182.03
2050,Broj,Žene,1,7238.15
2050,Broj,Žene,2,7313.64
2050,Broj,Žene,3,7407.28
2050,Broj,Žene,4,7516.81
2050,Broj,Žene,5,7638.6
2050,Broj,Žene,6,7769.12
2050,Broj,Žene,7,7904.74
2050,Broj,Žene,8,8043.85
2050,Broj,Žene,9,8186.21
2050,Broj,Žene,10,8331.88
2050,Broj,Žene,11,8473.01
2050,Broj,Žene,12,8622.54
2050,Broj,Žene,13,8781.71
2050,Broj,Žene,14,8951.76
2050,Broj,Žene,15,9130.77
2050,Broj,Žene,16,9303.96
2050,Broj,Žene,17,9455.68
2050,Broj,Žene,18,9578.3
2050,Broj,Žene,19,9670.32
2050,Broj,Žene,20,9737.11
2050,Broj,Žene,21,9761.8
2050,Broj,Žene,22,9780.43
2050,Broj,Žene,23,9795.78
2050,Broj,Žene,24,9810.99
2050,Broj,Žene,25,9835.16
2050,Broj,Žene,26,9876.77
2050,Broj,Žene,27,9937.81
2050,Broj,Žene,28,10015.34
2050,Broj,Žene,29,10107.35
2050,Broj,Žene,30,10201.27
2050,Broj,Žene,31,10381.21
2050,Broj,Žene,32,10000.51
2050,Broj,Žene,33,10351.12
2050,Broj,Žene,34,10329.75
2050,Broj,Žene,35,10320.32
2050,Broj,Žene,36,10499.01
2050,Broj,Žene,37,10406.96
2050,Broj,Žene,38,11966.27
2050,Broj,Žene,39,11520.48
2050,Broj,Žene,40,12062.14
2050,Broj,Žene,41,12269.13
2050,Broj,Žene,42,12339.17
2050,Broj,Žene,43,11846.9
2050,Broj,Žene,44,11920.21
2050,Broj,Žene,45,12124.67
2050,Broj,Žene,46,12062.96
2050,Broj,Žene,47,12237.9
2050,Broj,Žene,48,12502.16
2050,Broj,Žene,49,13038.85
2050,Broj,Žene,50,13507.17
2050,Broj,Žene,51,14101.82
2050,Broj,Žene,52,15512.66
2050,Broj,Žene,53,17286.7
2050,Broj,Žene,54,18390.53
2050,Broj,Žene,55,19289.49
2050,Broj,Žene,56,16698.61
2050,Broj,Žene,57,14537.0
2050,Broj,Žene,58,17292.97
2050,Broj,Žene,59,19555.57
2050,Broj,Žene,60,19255.9
2050,Broj,Žene,61,19618.45
2050,Broj,Žene,62,20640.76
2050,Broj,Žene,63,20563.58
2050,Broj,Žene,64,20708.09
2050,Broj,Žene,65,21176.64
2050,Broj,Žene,66,21666.33
2050,Broj,Žene,67,21454.38
2050,Broj,Žene,68,21625.76
2050,Broj,Žene,69,21364.23
2050,Broj,Žene,70,21206.15
2050,Broj,Žene,71,20823.7
2050,Broj,Žene,72,20483.55
2050,Broj,Žene,73,20309.93
2050,Broj,Žene,74,20802.69
2050,Broj,Žene,75,19834.12
2050,Broj,Žene,76,19176.76
2050,Broj,Žene,77,18524.11
2050,Broj,Žene,78,18391.57
2050,Broj,Žene,79,17666.41
2050,Broj,Žene,80,15910.97
2050,Broj,Žene,81,16240.08
2050,Broj,Žene,82,15756.4
2050,Broj,Žene,83,15124.7
2050,Broj,Žene,84,14855.54
2050,Broj,Žene,85,14227.64
2050,Broj,Žene,86,12778.44
2050,Broj,Žene,87,11879.17
2050,Broj,Žene,88,11114.56
2050,Broj,Žene,89,9946.2
2050,Broj,Žene,90,8840.19
2050,Broj,Žene,91,7435.25
2050,Broj,Žene,92,6528.7
2050,Broj,Žene,93,4986.61
2050,Broj,Žene,94,4335.48
2050,Broj,Žene,95,3428.14
2050,Broj,Žene,96,2803.13
2050,Broj,Žene,97,2050.07
2050,Broj,Žene,98,1616.77
2050,Broj,Žene,99,960.48
2050,Broj,Žene,100,761.83
2050,Broj,Žene,101,524.36
2050,Broj,Žene,102,321.45
2050,Broj,Žene,103,207.98
2050,Broj,Žene,104,121.21
2050,Broj,Žene,105,60.55
2050,Broj,Žene,106,34.34
2050,Broj,Žene,107,20.09
2050,Broj,Žene,108,11.35
2050,Broj,Žene,109,6.51
2050,Broj,Žene,110,3.53
2050,Broj,Žene,111,1.6
2050,Broj,Žene,112,0.72
2050,Broj,Žene,113,0.31
2050,Broj,Žene,114,0.13
2050,Broj,Žene,115,0.05
2050,Broj,Žene,116,0.02
2050,Broj,Žene,117,0.01
2050,Broj,Žene,118,0.0
2050,Broj,Žene,119,0.0
2050,Broj,Žene,120+,0.0
2050,_%,Žene,Total,100.0
2050,_%,Žene,0,0.58
2050,_%,Žene,1,0.58
2050,_%,Žene,2,0.59
2050,_%,Žene,3,0.59
2050,_%,Žene,4,0.6
2050,_%,Žene,5,0.61
2050,_%,Žene,6,0.62
2050,_%,Žene,7,0.63
2050,_%,Žene,8,0.64
2050,_%,Žene,9,0.66
2050,_%,Žene,10,0.67
2050,_%,Žene,11,0.68
2050,_%,Žene,12,0.69
2050,_%,Žene,13,0.7
2050,_%,Žene,14,0.72
2050,_%,Žene,15,0.73
2050,_%,Žene,16,0.75
2050,_%,Žene,17,0.76
2050,_%,Žene,18,0.77
2050,_%,Žene,19,0.77
2050,_%,Žene,20,0.78
2050,_%,Žene,21,0.78
2050,_%,Žene,22,0.78
2050,_%,Žene,23,0.78
2050,_%,Žene,24,0.79
2050,_%,Žene,25,0.79
2050,_%,Žene,26,0.79
2050,_%,Žene,27,0.8
2050,_%,Žene,28,0.8
2050,_%,Žene,29,0.81
2050,_%,Žene,30,0.82
2050,_%,Žene,31,0.83
2050,_%,Žene,32,0.8
2050,_%,Žene,33,0.83
2050,_%,Žene,34,0.83
2050,_%,Žene,35,0.83
2050,_%,Žene,36,0.84
2050,_%,Žene,37,0.83
2050,_%,Žene,38,0.96
2050,_%,Žene,39,0.92
2050,_%,Žene,40,0.97
2050,_%,Žene,41,0.98
2050,_%,Žene,42,0.99
2050,_%,Žene,43,0.95
2050,_%,Žene,44,0.96
2050,_%,Žene,45,0.97
2050,_%,Žene,46,0.97
2050,_%,Žene,47,0.98
2050,_%,Žene,48,1.0
2050,_%,Žene,49,1.04
2050,_%,Žene,50,1.08
2050,_%,Žene,51,1.13
2050,_%,Žene,52,1.24
2050,_%,Žene,53,1.39
2050,_%,Žene,54,1.47
2050,_%,Žene,55,1.55
2050,_%,Žene,56,1.34
2050,_%,Žene,57,1.16
2050,_%,Žene,58,1.39
2050,_%,Žene,59,1.57
2050,_%,Žene,60,1.54
2050,_%,Žene,61,1.57
2050,_%,Žene,62,1.65
2050,_%,Žene,63,1.65
2050,_%,Žene,64,1.66
2050,_%,Žene,65,1.7
2050,_%,Žene,66,1.74
2050,_%,Žene,67,1.72
2050,_%,Žene,68,1.73
2050,_%,Žene,69,1.71
2050,_%,Žene,70,1.7
2050,_%,Žene,71,1.67
2050,_%,Žene,72,1.64
2050,_%,Žene,73,1.63
2050,_%,Žene,74,1.67
2050,_%,Žene,75,1.59
2050,_%,Žene,76,1.54
2050,_%,Žene,77,1.48
2050,_%,Žene,78,1.47
2050,_%,Žene,79,1.42
2050,_%,Žene,80,1.28
2050,_%,Žene,81,1.3
2050,_%,Žene,82,1.26
2050,_%,Žene,83,1.21
2050,_%,Žene,84,1.19
2050,_%,Žene,85,1.14
2050,_%,Žene,86,1.02
2050,_%,Žene,87,0.95
2050,_%,Žene,88,0.89
2050,_%,Žene,89,0.8
2050,_%,Žene,90,0.71
2050,_%,Žene,91,0.6
2050,_%,Žene,92,0.52
2050,_%,Žene,93,0.4
2050,_%,Žene,94,0.35
2050,_%,Žene,95,0.27
2050,_%,Žene,96,0.22
2050,_%,Žene,97,0.16
2050,_%,Žene,98,0.13
2050,_%,Žene,99,0.08
2050,_%,Žene,100,0.06
2050,_%,Žene,101,0.04
2050,_%,Žene,102,0.03
2050,_%,Žene,103,0.02
2050,_%,Žene,104,0.01
2050,_%,Žene,105,0.0
2050,_%,Žene,106,0.0
2050,_%,Žene,107,0.0
2050,_%,Žene,108,0.0
2050,_%,Žene,109,0.0
2050,_%,Žene,110,0.0
2050,_%,Žene,111,0.0
2050,_%,Žene,112,0.0
2050,_%,Žene,113,0.0
2050,_%,Žene,114,0.0
2050,_%,Žene,115,0.0
2050,_%,Žene,116,0.0
2050,_%,Žene,117,0.0
2050,_%,Žene,118,0.0
2050,_%,Žene,119,0.0
2050,_%,Žene,120+,0.0
2055,Broj,Žene,Total,1151351.32
2055,Broj,Žene,0,6489.63
2055,Broj,Žene,1,6549.85
2055,Broj,Žene,2,6626.91
2055,Broj,Žene,3,6719.48
2055,Broj,Žene,4,6825.18
2055,Broj,Žene,5,6940.8
2055,Broj,Žene,6,7061.88
2055,Broj,Žene,7,7187.1
2055,Broj,Žene,8,7315.55
2055,Broj,Žene,9,7446.35
2055,Broj,Žene,10,7578.56
2055,Broj,Žene,11,7711.58
2055,Broj,Žene,12,7845.11
2055,Broj,Žene,13,7978.68
2055,Broj,Žene,14,8113.2
2055,Broj,Žene,15,8248.86
2055,Broj,Žene,16,8365.02
2055,Broj,Žene,17,8459.68
2055,Broj,Žene,18,8527.95
2055,Broj,Žene,19,8569.69
2055,Broj,Žene,20,8588.13
2055,Broj,Žene,21,8592.91
2055,Broj,Žene,22,8596.91
2055,Broj,Žene,23,8604.78
2055,Broj,Žene,24,8620.56
2055,Broj,Žene,25,8654.46
2055,Broj,Žene,26,8688.08
2055,Broj,Žene,27,8747.89
2055,Broj,Žene,28,8831.75
2055,Broj,Žene,29,8939.91
2055,Broj,Žene,30,9068.11
2055,Broj,Žene,31,9206.85
2055,Broj,Žene,32,9348.68
2055,Broj,Žene,33,9490.34
2055,Broj,Žene,34,9629.68
2055,Broj,Žene,35,9758.23
2055,Broj,Žene,36,9978.55
2055,Broj,Žene,37,9644.81
2055,Broj,Žene,38,10029.45
2055,Broj,Žene,39,10037.91
2055,Broj,Žene,40,10053.98
2055,Broj,Žene,41,10248.17
2055,Broj,Žene,42,10149.36
2055,Broj,Žene,43,11681.24
2055,Broj,Žene,44,11232.86
2055,Broj,Žene,45,11777.15
2055,Broj,Žene,46,11989.78
2055,Broj,Žene,47,12084.28
2055,Broj,Žene,48,11630.08
2055,Broj,Žene,49,11733.03
2055,Broj,Žene,50,11960.29
2055,Broj,Žene,51,11922.81
2055,Broj,Žene,52,12116.02
2055,Broj,Žene,53,12390.39
2055,Broj,Žene,54,12928.63
2055,Broj,Žene,55,13395.42
2055,Broj,Žene,56,13980.08
2055,Broj,Žene,57,15359.09
2055,Broj,Žene,58,17089.82
2055,Broj,Žene,59,18160.61
2055,Broj,Žene,60,19042.92
2055,Broj,Žene,61,16510.94
2055,Broj,Žene,62,14394.65
2055,Broj,Žene,63,17068.09
2055,Broj,Žene,64,19238.77
2055,Broj,Žene,65,18902.62
2055,Broj,Žene,66,19196.64
2055,Broj,Žene,67,20108.3
2055,Broj,Žene,68,19937.54
2055,Broj,Žene,69,19967.84
2055,Broj,Žene,70,20294.92
2055,Broj,Žene,71,20631.98
2055,Broj,Žene,72,20295.12
2055,Broj,Žene,73,20314.4
2055,Broj,Žene,74,19915.26
2055,Broj,Žene,75,19599.93
2055,Broj,Žene,76,19061.36
2055,Broj,Žene,77,18545.15
2055,Broj,Žene,78,18157.54
2055,Broj,Žene,79,18336.67
2055,Broj,Žene,80,17207.35
2055,Broj,Žene,81,16345.76
2055,Broj,Žene,82,15477.7
2055,Broj,Žene,83,15030.09
2055,Broj,Žene,84,14087.78
2055,Broj,Žene,85,12343.48
2055,Broj,Žene,86,12227.86
2055,Broj,Žene,87,11472.83
2055,Broj,Žene,88,10612.4
2055,Broj,Žene,89,10009.52
2055,Broj,Žene,90,9166.8
2055,Broj,Žene,91,7829.65
2055,Broj,Žene,92,6889.65
2055,Broj,Žene,93,6067.79
2055,Broj,Žene,94,5070.78
2055,Broj,Žene,95,4177.58
2055,Broj,Žene,96,3247.39
2055,Broj,Žene,97,2635.36
2055,Broj,Žene,98,1843.9
2055,Broj,Žene,99,1464.14
2055,Broj,Žene,100,1050.23
2055,Broj,Žene,101,770.67
2055,Broj,Žene,102,499.73
2055,Broj,Žene,103,347.08
2055,Broj,Žene,104,180.4
2055,Broj,Žene,105,124.09
2055,Broj,Žene,106,73.12
2055,Broj,Žene,107,37.79
2055,Broj,Žene,108,20.34
2055,Broj,Žene,109,9.76
2055,Broj,Žene,110,3.99
2055,Broj,Žene,111,1.85
2055,Broj,Žene,112,0.9
2055,Broj,Žene,113,0.42
2055,Broj,Žene,114,0.2
2055,Broj,Žene,115,0.09
2055,Broj,Žene,116,0.04
2055,Broj,Žene,117,0.01
2055,Broj,Žene,118,0.01
2055,Broj,Žene,119,0.0
2055,Broj,Žene,120+,0.0
2055,_%,Žene,Total,100.0
2055,_%,Žene,0,0.56
2055,_%,Žene,1,0.57
2055,_%,Žene,2,0.58
2055,_%,Žene,3,0.58
2055,_%,Žene,4,0.59
2055,_%,Žene,5,0.6
2055,_%,Žene,6,0.61
2055,_%,Žene,7,0.62
2055,_%,Žene,8,0.64
2055,_%,Žene,9,0.65
2055,_%,Žene,10,0.66
2055,_%,Žene,11,0.67
2055,_%,Žene,12,0.68
2055,_%,Žene,13,0.69
2055,_%,Žene,14,0.7
2055,_%,Žene,15,0.72
2055,_%,Žene,16,0.73
2055,_%,Žene,17,0.73
2055,_%,Žene,18,0.74
2055,_%,Žene,19,0.74
2055,_%,Žene,20,0.75
2055,_%,Žene,21,0.75
2055,_%,Žene,22,0.75
2055,_%,Žene,23,0.75
2055,_%,Žene,24,0.75
2055,_%,Žene,25,0.75
2055,_%,Žene,26,0.75
2055,_%,Žene,27,0.76
2055,_%,Žene,28,0.77
2055,_%,Žene,29,0.78
2055,_%,Žene,30,0.79
2055,_%,Žene,31,0.8
2055,_%,Žene,32,0.81
2055,_%,Žene,33,0.82
2055,_%,Žene,34,0.84
2055,_%,Žene,35,0.85
2055,_%,Žene,36,0.87
2055,_%,Žene,37,0.84
2055,_%,Žene,38,0.87
2055,_%,Žene,39,0.87
2055,_%,Žene,40,0.87
2055,_%,Žene,41,0.89
2055,_%,Žene,42,0.88
2055,_%,Žene,43,1.01
2055,_%,Žene,44,0.98
2055,_%,Žene,45,1.02
2055,_%,Žene,46,1.04
2055,_%,Žene,47,1.05
2055,_%,Žene,48,1.01
2055,_%,Žene,49,1.02
2055,_%,Žene,50,1.04
2055,_%,Žene,51,1.04
2055,_%,Žene,52,1.05
2055,_%,Žene,53,1.08
2055,_%,Žene,54,1.12
2055,_%,Žene,55,1.16
2055,_%,Žene,56,1.21
2055,_%,Žene,57,1.33
2055,_%,Žene,58,1.48
2055,_%,Žene,59,1.58
2055,_%,Žene,60,1.65
2055,_%,Žene,61,1.43
2055,_%,Žene,62,1.25
2055,_%,Žene,63,1.48
2055,_%,Žene,64,1.67
2055,_%,Žene,65,1.64
2055,_%,Žene,66,1.67
2055,_%,Žene,67,1.75
2055,_%,Žene,68,1.73
2055,_%,Žene,69,1.73
2055,_%,Žene,70,1.76
2055,_%,Žene,71,1.79
2055,_%,Žene,72,1.76
2055,_%,Žene,73,1.76
2055,_%,Žene,74,1.73
2055,_%,Žene,75,1.7
2055,_%,Žene,76,1.66
2055,_%,Žene,77,1.61
2055,_%,Žene,78,1.58
2055,_%,Žene,79,1.59
2055,_%,Žene,80,1.49
2055,_%,Žene,81,1.42
2055,_%,Žene,82,1.34
2055,_%,Žene,83,1.31
2055,_%,Žene,84,1.22
2055,_%,Žene,85,1.07
2055,_%,Žene,86,1.06
2055,_%,Žene,87,1.0
2055,_%,Žene,88,0.92
2055,_%,Žene,89,0.87
2055,_%,Žene,90,0.8
2055,_%,Žene,91,0.68
2055,_%,Žene,92,0.6
2055,_%,Žene,93,0.53
2055,_%,Žene,94,0.44
2055,_%,Žene,95,0.36
2055,_%,Žene,96,0.28
2055,_%,Žene,97,0.23
2055,_%,Žene,98,0.16
2055,_%,Žene,99,0.13
2055,_%,Žene,100,0.09
2055,_%,Žene,101,0.07
2055,_%,Žene,102,0.04
2055,_%,Žene,103,0.03
2055,_%,Žene,104,0.02
2055,_%,Žene,105,0.01
2055,_%,Žene,106,0.01
2055,_%,Žene,107,0.0
2055,_%,Žene,108,0.0
2055,_%,Žene,109,0.0
2055,_%,Žene,110,0.0
2055,_%,Žene,111,0.0
2055,_%,Žene,112,0.0
2055,_%,Žene,113,0.0
2055,_%,Žene,114,0.0
2055,_%,Žene,115,0.0
2055,_%,Žene,116,0.0
2055,_%,Žene,117,0.0
2055,_%,Žene,118,0.0
2055,_%,Žene,119,0.0
2055,_%,Žene,120+,0.0
2060,Broj,Žene,Total,1057124.8
2060,Broj,Žene,0,5823.33
2060,Broj,Žene,1,5884.48
2060,Broj,Žene,2,5962.2
2060,Broj,Žene,3,6054.67
2060,Broj,Žene,4,6159.03
2060,Broj,Žene,5,6271.67
2060,Broj,Žene,6,6389.85
2060,Broj,Žene,7,6511.31
2060,Broj,Žene,8,6634.92
2060,Broj,Žene,9,6759.54
2060,Broj,Žene,10,6884.35
2060,Broj,Žene,11,7007.54
2060,Broj,Žene,12,7130.78
2060,Broj,Žene,13,7254.14
2060,Broj,Žene,14,7377.82
2060,Broj,Žene,15,7500.92
2060,Broj,Žene,16,7611.17
2060,Broj,Žene,17,7694.97
2060,Broj,Žene,18,7746.56
2060,Broj,Žene,19,7766.01
2060,Broj,Žene,20,7758.85
2060,Broj,Žene,21,7727.14
2060,Broj,Žene,22,7694.38
2060,Broj,Žene,23,7665.92
2060,Broj,Žene,24,7646.06
2060,Broj,Žene,25,7640.9
2060,Broj,Žene,26,7657.15
2060,Broj,Žene,27,7699.4
2060,Broj,Žene,28,7768.44
2060,Broj,Žene,29,7865.54
2060,Broj,Žene,30,7989.97
2060,Broj,Žene,31,8108.36
2060,Broj,Žene,32,8238.23
2060,Broj,Žene,33,8376.65
2060,Broj,Žene,34,8523.79
2060,Broj,Žene,35,8680.56
2060,Broj,Žene,36,8846.84
2060,Broj,Žene,37,9017.08
2060,Broj,Žene,38,9185.55
2060,Broj,Žene,39,9348.12
2060,Broj,Žene,40,9492.96
2060,Broj,Žene,41,9727.91
2060,Broj,Žene,42,9409.13
2060,Broj,Žene,43,9796.9
2060,Broj,Žene,44,9809.69
2060,Broj,Žene,45,9834.88
2060,Broj,Žene,46,10040.02
2060,Broj,Žene,47,9945.42
2060,Broj,Žene,48,11469.8
2060,Broj,Žene,49,11039.62
2060,Broj,Žene,50,11601.15
2060,Broj,Žene,51,11829.68
2060,Broj,Žene,52,11947.0
2060,Broj,Žene,53,11520.45
2060,Broj,Žene,54,11639.04
2060,Broj,Žene,55,11874.76
2060,Broj,Žene,56,11846.51
2060,Broj,Žene,57,12042.44
2060,Broj,Žene,58,12313.15
2060,Broj,Žene,59,12840.12
2060,Broj,Žene,60,13293.32
2060,Broj,Žene,61,13856.99
2060,Broj,Žene,62,15191.47
2060,Broj,Žene,63,16861.12
2060,Broj,Žene,64,17876.81
2060,Broj,Žene,65,18705.49
2060,Broj,Žene,66,16201.91
2060,Broj,Žene,67,14093.63
2060,Broj,Žene,68,16603.82
2060,Broj,Žene,69,18597.28
2060,Broj,Žene,70,18166.85
2060,Broj,Žene,71,18338.6
2060,Broj,Žene,72,19088.95
2060,Broj,Žene,73,18801.83
2060,Broj,Žene,74,18695.9
2060,Broj,Žene,75,18849.18
2060,Broj,Žene,76,18988.6
2060,Broj,Žene,77,18486.47
2060,Broj,Žene,78,18289.29
2060,Broj,Žene,79,17693.76
2060,Broj,Žene,80,17157.54
2060,Broj,Žene,81,16410.98
2060,Broj,Žene,82,15671.84
2060,Broj,Žene,83,15027.32
2060,Broj,Žene,84,14831.42
2060,Broj,Žene,85,13565.63
2060,Broj,Žene,86,12528.84
2060,Broj,Žene,87,11497.26
2060,Broj,Žene,88,10785.04
2060,Broj,Žene,89,9730.75
2060,Broj,Žene,90,8168.41
2060,Broj,Žene,91,7720.78
2060,Broj,Žene,92,6874.05
2060,Broj,Žene,93,6000.35
2060,Broj,Žene,94,5302.18
2060,Broj,Žene,95,4514.41
2060,Broj,Žene,96,3574.52
2060,Broj,Žene,97,2913.29
2060,Broj,Žene,98,2360.99
2060,Broj,Žene,99,1804.61
2060,Broj,Žene,100,1352.46
2060,Broj,Žene,101,945.46
2060,Broj,Žene,102,681.55
2060,Broj,Žene,103,420.6
2060,Broj,Žene,104,292.54
2060,Broj,Žene,105,182.09
2060,Broj,Žene,106,114.35
2060,Broj,Žene,107,62.42
2060,Broj,Žene,108,35.98
2060,Broj,Žene,109,15.34
2060,Broj,Žene,110,8.6
2060,Broj,Žene,111,4.13
2060,Broj,Žene,112,1.76
2060,Broj,Žene,113,0.78
2060,Broj,Žene,114,0.31
2060,Broj,Žene,115,0.11
2060,Broj,Žene,116,0.04
2060,Broj,Žene,117,0.02
2060,Broj,Žene,118,0.01
2060,Broj,Žene,119,0.0
2060,Broj,Žene,120+,0.0
2060,_%,Žene,Total,100.0
2060,_%,Žene,0,0.55
2060,_%,Žene,1,0.56
2060,_%,Žene,2,0.56
2060,_%,Žene,3,0.57
2060,_%,Žene,4,0.58
2060,_%,Žene,5,0.59
2060,_%,Žene,6,0.6
2060,_%,Žene,7,0.62
2060,_%,Žene,8,0.63
2060,_%,Žene,9,0.64
2060,_%,Žene,10,0.65
2060,_%,Žene,11,0.66
2060,_%,Žene,12,0.67
2060,_%,Žene,13,0.69
2060,_%,Žene,14,0.7
2060,_%,Žene,15,0.71
2060,_%,Žene,16,0.72
2060,_%,Žene,17,0.73
2060,_%,Žene,18,0.73
2060,_%,Žene,19,0.73
2060,_%,Žene,20,0.73
2060,_%,Žene,21,0.73
2060,_%,Žene,22,0.73
2060,_%,Žene,23,0.73
2060,_%,Žene,24,0.72
2060,_%,Žene,25,0.72
2060,_%,Žene,26,0.72
2060,_%,Žene,27,0.73
2060,_%,Žene,28,0.73
2060,_%,Žene,29,0.74
2060,_%,Žene,30,0.76
2060,_%,Žene,31,0.77
2060,_%,Žene,32,0.78
2060,_%,Žene,33,0.79
2060,_%,Žene,34,0.81
2060,_%,Žene,35,0.82
2060,_%,Žene,36,0.84
2060,_%,Žene,37,0.85
2060,_%,Žene,38,0.87
2060,_%,Žene,39,0.88
2060,_%,Žene,40,0.9
2060,_%,Žene,41,0.92
2060,_%,Žene,42,0.89
2060,_%,Žene,43,0.93
2060,_%,Žene,44,0.93
2060,_%,Žene,45,0.93
2060,_%,Žene,46,0.95
2060,_%,Žene,47,0.94
2060,_%,Žene,48,1.09
2060,_%,Žene,49,1.04
2060,_%,Žene,50,1.1
2060,_%,Žene,51,1.12
2060,_%,Žene,52,1.13
2060,_%,Žene,53,1.09
2060,_%,Žene,54,1.1
2060,_%,Žene,55,1.12
2060,_%,Žene,56,1.12
2060,_%,Žene,57,1.14
2060,_%,Žene,58,1.16
2060,_%,Žene,59,1.21
2060,_%,Žene,60,1.26
2060,_%,Žene,61,1.31
2060,_%,Žene,62,1.44
2060,_%,Žene,63,1.59
2060,_%,Žene,64,1.69
2060,_%,Žene,65,1.77
2060,_%,Žene,66,1.53
2060,_%,Žene,67,1.33
2060,_%,Žene,68,1.57
2060,_%,Žene,69,1.76
2060,_%,Žene,70,1.72
2060,_%,Žene,71,1.73
2060,_%,Žene,72,1.81
2060,_%,Žene,73,1.78
2060,_%,Žene,74,1.77
2060,_%,Žene,75,1.78
2060,_%,Žene,76,1.8
2060,_%,Žene,77,1.75
2060,_%,Žene,78,1.73
2060,_%,Žene,79,1.67
2060,_%,Žene,80,1.62
2060,_%,Žene,81,1.55
2060,_%,Žene,82,1.48
2060,_%,Žene,83,1.42
2060,_%,Žene,84,1.4
2060,_%,Žene,85,1.28
2060,_%,Žene,86,1.19
2060,_%,Žene,87,1.09
2060,_%,Žene,88,1.02
2060,_%,Žene,89,0.92
2060,_%,Žene,90,0.77
2060,_%,Žene,91,0.73
2060,_%,Žene,92,0.65
2060,_%,Žene,93,0.57
2060,_%,Žene,94,0.5
2060,_%,Žene,95,0.43
2060,_%,Žene,96,0.34
2060,_%,Žene,97,0.28
2060,_%,Žene,98,0.22
2060,_%,Žene,99,0.17
2060,_%,Žene,100,0.13
2060,_%,Žene,101,0.09
2060,_%,Žene,102,0.06
2060,_%,Žene,103,0.04
2060,_%,Žene,104,0.03
2060,_%,Žene,105,0.02
2060,_%,Žene,106,0.01
2060,_%,Žene,107,0.01
2060,_%,Žene,108,0.0
2060,_%,Žene,109,0.0
2060,_%,Žene,110,0.0
2060,_%,Žene,111,0.0
2060,_%,Žene,112,0.0
2060,_%,Žene,113,0.0
2060,_%,Žene,114,0.0
2060,_%,Žene,115,0.0
2060,_%,Žene,116,0.0
2060,_%,Žene,117,0.0
2060,_%,Žene,118,0.0
2060,_%,Žene,119,0.0
2060,_%,Žene,120+,0.0
2065,Broj,Žene,Total,966230.19
2065,Broj,Žene,0,5219.48
2065,Broj,Žene,1,5271.06
2065,Broj,Žene,2,5339.5
2065,Broj,Žene,3,5423.63
2065,Broj,Žene,4,5521.29
2065,Broj,Žene,5,5629.19
2065,Broj,Žene,6,5742.09
2065,Broj,Žene,7,5859.41
2065,Broj,Žene,8,5979.44
2065,Broj,Žene,9,6100.46
2065,Broj,Žene,10,6221.01
2065,Broj,Žene,11,6340.7
2065,Broj,Žene,12,6459.99
2065,Broj,Žene,13,6578.67
2065,Broj,Žene,14,6696.57
2065,Broj,Žene,15,6812.92
2065,Broj,Žene,16,6915.33
2065,Broj,Žene,17,6993.28
2065,Broj,Žene,18,7042.0
2065,Broj,Žene,19,7060.94
2065,Broj,Žene,20,7053.97
2065,Broj,Žene,21,7029.47
2065,Broj,Žene,22,6997.58
2065,Broj,Žene,23,6962.61
2065,Broj,Žene,24,6928.71
2065,Broj,Žene,25,6904.07
2065,Broj,Žene,26,6887.83
2065,Broj,Žene,27,6894.94
2065,Broj,Žene,28,6926.36
2065,Broj,Žene,29,6983.62
2065,Broj,Žene,30,7062.33
2065,Broj,Žene,31,7155.26
2065,Broj,Žene,32,7259.81
2065,Broj,Žene,33,7376.81
2065,Broj,Žene,34,7507.55
2065,Broj,Žene,35,7656.42
2065,Broj,Žene,36,7798.87
2065,Broj,Žene,37,7953.58
2065,Broj,Žene,38,8114.94
2065,Broj,Žene,39,8281.18
2065,Broj,Žene,40,8451.28
2065,Broj,Žene,41,8624.48
2065,Broj,Žene,42,8797.19
2065,Broj,Žene,43,8965.8
2065,Broj,Žene,44,9129.23
2065,Broj,Žene,45,9276.91
2065,Broj,Žene,46,9522.26
2065,Broj,Žene,47,9223.6
2065,Broj,Žene,48,9627.35
2065,Broj,Žene,49,9659.63
2065,Broj,Žene,50,9705.86
2065,Broj,Žene,51,9929.12
2065,Broj,Žene,52,9844.66
2065,Broj,Žene,53,11360.04
2065,Broj,Žene,54,10940.83
2065,Broj,Žene,55,11506.2
2065,Broj,Žene,56,11737.58
2065,Broj,Žene,57,11861.43
2065,Broj,Žene,58,11447.7
2065,Broj,Žene,59,11568.37
2065,Broj,Žene,60,11800.43
2065,Broj,Žene,61,11770.89
2065,Broj,Žene,62,11958.67
2065,Broj,Žene,63,12213.59
2065,Broj,Žene,64,12712.58
2065,Broj,Žene,65,13128.45
2065,Broj,Žene,66,13635.73
2065,Broj,Žene,67,14873.5
2065,Broj,Žene,68,16416.61
2065,Broj,Žene,69,17309.64
2065,Broj,Žene,70,18017.8
2065,Broj,Žene,71,15532.73
2065,Broj,Žene,72,13440.37
2065,Broj,Žene,73,15728.51
2065,Broj,Žene,74,17489.77
2065,Broj,Žene,75,16954.12
2065,Broj,Žene,76,16969.13
2065,Broj,Žene,77,17493.16
2065,Broj,Žene,78,17040.52
2065,Broj,Žene,79,16734.68
2065,Broj,Žene,80,16636.89
2065,Broj,Žene,81,16499.64
2065,Broj,Žene,82,15783.43
2065,Broj,Žene,83,15314.7
2065,Broj,Žene,84,14498.53
2065,Broj,Žene,85,13726.99
2065,Broj,Žene,86,12785.97
2065,Broj,Žene,87,11855.53
2065,Broj,Žene,88,11000.4
2065,Broj,Žene,89,10473.98
2065,Broj,Žene,90,9201.11
2065,Broj,Žene,91,8124.4
2065,Broj,Žene,92,7092.77
2065,Broj,Žene,93,6297.28
2065,Broj,Žene,94,5337.67
2065,Broj,Žene,95,4170.88
2065,Broj,Žene,96,3671.1
2065,Broj,Žene,97,3033.71
2065,Broj,Žene,98,2442.02
2065,Broj,Žene,99,1979.22
2065,Broj,Žene,100,1536.19
2065,Broj,Žene,101,1095.95
2065,Broj,Žene,102,794.74
2065,Broj,Žene,103,568.86
2065,Broj,Žene,104,381.25
2065,Broj,Žene,105,248.06
2065,Broj,Žene,106,148.36
2065,Broj,Žene,107,89.92
2065,Broj,Žene,108,45.95
2065,Broj,Žene,109,26.13
2065,Broj,Žene,110,13.21
2065,Broj,Žene,111,6.74
2065,Broj,Žene,112,3.01
2065,Broj,Žene,113,1.43
2065,Broj,Žene,114,0.51
2065,Broj,Žene,115,0.24
2065,Broj,Žene,116,0.1
2065,Broj,Žene,117,0.04
2065,Broj,Žene,118,0.01
2065,Broj,Žene,119,0.0
2065,Broj,Žene,120+,0.0
2065,_%,Žene,Total,100.0
2065,_%,Žene,0,0.54
2065,_%,Žene,1,0.55
2065,_%,Žene,2,0.55
2065,_%,Žene,3,0.56
2065,_%,Žene,4,0.57
2065,_%,Žene,5,0.58
2065,_%,Žene,6,0.59
2065,_%,Žene,7,0.61
2065,_%,Žene,8,0.62
2065,_%,Žene,9,0.63
2065,_%,Žene,10,0.64
2065,_%,Žene,11,0.66
2065,_%,Žene,12,0.67
2065,_%,Žene,13,0.68
2065,_%,Žene,14,0.69
2065,_%,Žene,15,0.71
2065,_%,Žene,16,0.72
2065,_%,Žene,17,0.72
2065,_%,Žene,18,0.73
2065,_%,Žene,19,0.73
2065,_%,Žene,20,0.73
2065,_%,Žene,21,0.73
2065,_%,Žene,22,0.72
2065,_%,Žene,23,0.72
2065,_%,Žene,24,0.72
2065,_%,Žene,25,0.71
2065,_%,Žene,26,0.71
2065,_%,Žene,27,0.71
2065,_%,Žene,28,0.72
2065,_%,Žene,29,0.72
2065,_%,Žene,30,0.73
2065,_%,Žene,31,0.74
2065,_%,Žene,32,0.75
2065,_%,Žene,33,0.76
2065,_%,Žene,34,0.78
2065,_%,Žene,35,0.79
2065,_%,Žene,36,0.81
2065,_%,Žene,37,0.82
2065,_%,Žene,38,0.84
2065,_%,Žene,39,0.86
2065,_%,Žene,40,0.87
2065,_%,Žene,41,0.89
2065,_%,Žene,42,0.91
2065,_%,Žene,43,0.93
2065,_%,Žene,44,0.94
2065,_%,Žene,45,0.96
2065,_%,Žene,46,0.99
2065,_%,Žene,47,0.95
2065,_%,Žene,48,1.0
2065,_%,Žene,49,1.0
2065,_%,Žene,50,1.0
2065,_%,Žene,51,1.03
2065,_%,Žene,52,1.02
2065,_%,Žene,53,1.18
2065,_%,Žene,54,1.13
2065,_%,Žene,55,1.19
2065,_%,Žene,56,1.21
2065,_%,Žene,57,1.23
2065,_%,Žene,58,1.18
2065,_%,Žene,59,1.2
2065,_%,Žene,60,1.22
2065,_%,Žene,61,1.22
2065,_%,Žene,62,1.24
2065,_%,Žene,63,1.26
2065,_%,Žene,64,1.32
2065,_%,Žene,65,1.36
2065,_%,Žene,66,1.41
2065,_%,Žene,67,1.54
2065,_%,Žene,68,1.7
2065,_%,Žene,69,1.79
2065,_%,Žene,70,1.86
2065,_%,Žene,71,1.61
2065,_%,Žene,72,1.39
2065,_%,Žene,73,1.63
2065,_%,Žene,74,1.81
2065,_%,Žene,75,1.75
2065,_%,Žene,76,1.76
2065,_%,Žene,77,1.81
2065,_%,Žene,78,1.76
2065,_%,Žene,79,1.73
2065,_%,Žene,80,1.72
2065,_%,Žene,81,1.71
2065,_%,Žene,82,1.63
2065,_%,Žene,83,1.58
2065,_%,Žene,84,1.5
2065,_%,Žene,85,1.42
2065,_%,Žene,86,1.32
2065,_%,Žene,87,1.23
2065,_%,Žene,88,1.14
2065,_%,Žene,89,1.08
2065,_%,Žene,90,0.95
2065,_%,Žene,91,0.84
2065,_%,Žene,92,0.73
2065,_%,Žene,93,0.65
2065,_%,Žene,94,0.55
2065,_%,Žene,95,0.43
2065,_%,Žene,96,0.38
2065,_%,Žene,97,0.31
2065,_%,Žene,98,0.25
2065,_%,Žene,99,0.2
2065,_%,Žene,100,0.16
2065,_%,Žene,101,0.11
2065,_%,Žene,102,0.08
2065,_%,Žene,103,0.06
2065,_%,Žene,104,0.04
2065,_%,Žene,105,0.03
2065,_%,Žene,106,0.02
2065,_%,Žene,107,0.01
2065,_%,Žene,108,0.0
2065,_%,Žene,109,0.0
2065,_%,Žene,110,0.0
2065,_%,Žene,111,0.0
2065,_%,Žene,112,0.0
2065,_%,Žene,113,0.0
2065,_%,Žene,114,0.0
2065,_%,Žene,115,0.0
2065,_%,Žene,116,0.0
2065,_%,Žene,117,0.0
2065,_%,Žene,118,0.0
2065,_%,Žene,119,0.0
2065,_%,Žene,120+,0.0
2070,Broj,Žene,Total,879188.19
2070,Broj,Žene,0,4716.92
2070,Broj,Žene,1,4755.18
2070,Broj,Žene,2,4808.53
2070,Broj,Žene,3,4876.21
2070,Broj,Žene,4,4956.58
2070,Broj,Žene,5,5047.18
2070,Broj,Žene,6,5145.64
2070,Broj,Žene,7,5249.91
2070,Broj,Žene,8,5358.88
2070,Broj,Žene,9,5471.43
2070,Broj,Žene,10,5586.21
2070,Broj,Žene,11,5700.17
2070,Broj,Žene,12,5815.16
2070,Broj,Žene,13,5930.33
2070,Broj,Žene,14,6044.88
2070,Broj,Žene,15,6157.4
2070,Broj,Žene,16,6257.92
2070,Broj,Žene,17,6335.82
2070,Broj,Žene,18,6386.47
2070,Broj,Žene,19,6408.95
2070,Broj,Žene,20,6406.84
2070,Broj,Žene,21,6386.53
2070,Broj,Žene,22,6359.09
2070,Broj,Žene,23,6328.87
2070,Broj,Žene,24,6299.14
2070,Broj,Žene,25,6276.07
2070,Broj,Žene,26,6265.36
2070,Broj,Žene,27,6270.06
2070,Broj,Žene,28,6290.82
2070,Broj,Žene,29,6328.99
2070,Broj,Žene,30,6382.99
2070,Broj,Žene,31,6439.11
2070,Broj,Žene,32,6505.24
2070,Broj,Žene,33,6582.17
2070,Broj,Žene,34,6671.69
2070,Broj,Žene,35,6773.94
2070,Broj,Žene,36,6889.29
2070,Broj,Žene,37,7016.52
2070,Broj,Žene,38,7154.26
2070,Broj,Žene,39,7301.91
2070,Broj,Žene,40,7462.39
2070,Broj,Žene,41,7610.9
2070,Broj,Žene,42,7767.52
2070,Broj,Žene,43,7928.24
2070,Broj,Žene,44,8093.89
2070,Broj,Žene,45,8265.56
2070,Broj,Žene,46,8443.54
2070,Broj,Žene,47,8625.34
2070,Broj,Žene,48,8807.2
2070,Broj,Žene,49,8986.26
2070,Broj,Žene,50,9149.41
2070,Broj,Žene,51,9411.61
2070,Broj,Žene,52,9133.36
2070,Broj,Žene,53,9547.47
2070,Broj,Žene,54,9590.13
2070,Broj,Žene,55,9645.93
2070,Broj,Žene,56,9874.92
2070,Broj,Žene,57,9791.42
2070,Broj,Žene,58,11285.82
2070,Broj,Žene,59,10869.66
2070,Broj,Žene,60,11426.98
2070,Broj,Žene,61,11651.55
2070,Broj,Žene,62,11771.14
2070,Broj,Žene,63,11359.91
2070,Broj,Žene,64,11467.69
2070,Broj,Žene,65,11674.8
2070,Broj,Žene,66,11614.45
2070,Broj,Žene,67,11754.39
2070,Broj,Žene,68,11948.2
2070,Broj,Žene,69,12369.09
2070,Broj,Žene,70,12701.54
2070,Broj,Žene,71,13115.15
2070,Broj,Žene,72,14218.04
2070,Broj,Žene,73,15594.49
2070,Broj,Žene,74,16334.26
2070,Broj,Žene,75,16887.39
2070,Broj,Žene,76,14450.56
2070,Broj,Žene,77,12395.38
2070,Broj,Žene,78,14352.39
2070,Broj,Žene,79,15767.38
2070,Broj,Žene,80,15080.96
2070,Broj,Žene,81,14872.81
2070,Broj,Žene,82,15081.79
2070,Broj,Žene,83,14422.58
2070,Broj,Žene,84,13877.81
2070,Broj,Žene,85,13488.45
2070,Broj,Žene,86,13047.37
2070,Broj,Žene,87,12137.03
2070,Broj,Žene,88,11418.05
2070,Broj,Žene,89,10444.51
2070,Broj,Žene,90,9518.96
2070,Broj,Žene,91,8493.7
2070,Broj,Žene,92,7509.72
2070,Broj,Žene,93,6608.09
2070,Broj,Žene,94,5926.37
2070,Broj,Žene,95,4861.56
2070,Broj,Žene,96,4002.65
2070,Broj,Žene,97,3251.56
2070,Broj,Žene,98,2669.48
2070,Broj,Žene,99,2079.23
2070,Broj,Žene,100,1483.62
2070,Broj,Žene,101,1178.87
2070,Broj,Žene,102,868.05
2070,Broj,Žene,103,617.89
2070,Broj,Žene,104,439.5
2070,Broj,Žene,105,296.28
2070,Broj,Žene,106,180.79
2070,Broj,Žene,107,110.1
2070,Broj,Žene,108,65.12
2070,Broj,Žene,109,35.59
2070,Broj,Žene,110,18.74
2070,Broj,Žene,111,9.08
2070,Broj,Žene,112,4.48
2070,Broj,Žene,113,1.88
2070,Broj,Žene,114,0.89
2070,Broj,Žene,115,0.37
2070,Broj,Žene,116,0.16
2070,Broj,Žene,117,0.06
2070,Broj,Žene,118,0.03
2070,Broj,Žene,119,0.01
2070,Broj,Žene,120+,0.01
2070,_%,Žene,Total,100.0
2070,_%,Žene,0,0.54
2070,_%,Žene,1,0.54
2070,_%,Žene,2,0.55
2070,_%,Žene,3,0.55
2070,_%,Žene,4,0.56
2070,_%,Žene,5,0.57
2070,_%,Žene,6,0.59
2070,_%,Žene,7,0.6
2070,_%,Žene,8,0.61
2070,_%,Žene,9,0.62
2070,_%,Žene,10,0.64
2070,_%,Žene,11,0.65
2070,_%,Žene,12,0.66
2070,_%,Žene,13,0.67
2070,_%,Žene,14,0.69
2070,_%,Žene,15,0.7
2070,_%,Žene,16,0.71
2070,_%,Žene,17,0.72
2070,_%,Žene,18,0.73
2070,_%,Žene,19,0.73
2070,_%,Žene,20,0.73
2070,_%,Žene,21,0.73
2070,_%,Žene,22,0.72
2070,_%,Žene,23,0.72
2070,_%,Žene,24,0.72
2070,_%,Žene,25,0.71
2070,_%,Žene,26,0.71
2070,_%,Žene,27,0.71
2070,_%,Žene,28,0.72
2070,_%,Žene,29,0.72
2070,_%,Žene,30,0.73
2070,_%,Žene,31,0.73
2070,_%,Žene,32,0.74
2070,_%,Žene,33,0.75
2070,_%,Žene,34,0.76
2070,_%,Žene,35,0.77
2070,_%,Žene,36,0.78
2070,_%,Žene,37,0.8
2070,_%,Žene,38,0.81
2070,_%,Žene,39,0.83
2070,_%,Žene,40,0.85
2070,_%,Žene,41,0.87
2070,_%,Žene,42,0.88
2070,_%,Žene,43,0.9
2070,_%,Žene,44,0.92
2070,_%,Žene,45,0.94
2070,_%,Žene,46,0.96
2070,_%,Žene,47,0.98
2070,_%,Žene,48,1.0
2070,_%,Žene,49,1.02
2070,_%,Žene,50,1.04
2070,_%,Žene,51,1.07
2070,_%,Žene,52,1.04
2070,_%,Žene,53,1.09
2070,_%,Žene,54,1.09
2070,_%,Žene,55,1.1
2070,_%,Žene,56,1.12
2070,_%,Žene,57,1.11
2070,_%,Žene,58,1.28
2070,_%,Žene,59,1.24
2070,_%,Žene,60,1.3
2070,_%,Žene,61,1.33
2070,_%,Žene,62,1.34
2070,_%,Žene,63,1.29
2070,_%,Žene,64,1.3
2070,_%,Žene,65,1.33
2070,_%,Žene,66,1.32
2070,_%,Žene,67,1.34
2070,_%,Žene,68,1.36
2070,_%,Žene,69,1.41
2070,_%,Žene,70,1.44
2070,_%,Žene,71,1.49
2070,_%,Žene,72,1.62
2070,_%,Žene,73,1.77
2070,_%,Žene,74,1.86
2070,_%,Žene,75,1.92
2070,_%,Žene,76,1.64
2070,_%,Žene,77,1.41
2070,_%,Žene,78,1.63
2070,_%,Žene,79,1.79
2070,_%,Žene,80,1.72
2070,_%,Žene,81,1.69
2070,_%,Žene,82,1.72
2070,_%,Žene,83,1.64
2070,_%,Žene,84,1.58
2070,_%,Žene,85,1.53
2070,_%,Žene,86,1.48
2070,_%,Žene,87,1.38
2070,_%,Žene,88,1.3
2070,_%,Žene,89,1.19
2070,_%,Žene,90,1.08
2070,_%,Žene,91,0.97
2070,_%,Žene,92,0.85
2070,_%,Žene,93,0.75
2070,_%,Žene,94,0.67
2070,_%,Žene,95,0.55
2070,_%,Žene,96,0.46
2070,_%,Žene,97,0.37
2070,_%,Žene,98,0.3
2070,_%,Žene,99,0.24
2070,_%,Žene,100,0.17
2070,_%,Žene,101,0.13
2070,_%,Žene,102,0.1
2070,_%,Žene,103,0.07
2070,_%,Žene,104,0.05
2070,_%,Žene,105,0.03
2070,_%,Žene,106,0.02
2070,_%,Žene,107,0.01
2070,_%,Žene,108,0.01
2070,_%,Žene,109,0.0
2070,_%,Žene,110,0.0
2070,_%,Žene,111,0.0
2070,_%,Žene,112,0.0
2070,_%,Žene,113,0.0
2070,_%,Žene,114,0.0
2070,_%,Žene,115,0.0
2070,_%,Žene,116,0.0
2070,_%,Žene,117,0.0
2070,_%,Žene,118,0.0
2070,_%,Žene,119,0.0
2070,_%,Žene,120+,0.0
